	Parameter	t0	Pt	q0	Pq0	q1	Pq1	q2	Pq2
	   0	406.5    	0.0	508.1    	0.3577   	508.1    	0.0	1016260  	0.00000502
	   1	1220     	0.0	1524     	0.7354   	1524     	0.0002361	3048780  	0.00000501
	   2	2033     	0.0	2541     	0.6949   	2541     	0.001123 	5081301  	0.00000500
	   3	2846     	0.0	3557     	0.6347   	3557     	0.002131 	7113821  	0.00000500
	   4	3659     	0.0	4573     	0.5743   	4573     	0.003459 	9146341  	0.00000500
	   5	4472     	0.0	5589     	0.5230   	5589     	0.004857 	11178862 	0.00000500
	   6	5285     	0.0	6606     	0.4756   	6606     	0.005571 	13211382 	0.00000500
	   7	6098     	0.0	7622     	0.4323   	7622     	0.005968 	15243902 	0.00000500
	   8	6911     	0.0	8638     	0.3936   	8638     	0.006267 	17276423 	0.00000500
	   9	7724     	0.0	9654     	0.3592   	9654     	0.006466 	19308943 	0.00000500
	  10	8537     	0.0	10671    	0.3286   	10671    	0.006588 	21341463 	0.00000500
	  11	9350     	0.0	11687    	0.3015   	11687    	0.006661 	23373984 	0.00000500
	  12	10163    	0.00003333	12703    	0.2772   	12703    	0.006697 	25406504 	0.00000500
	  13	10976    	0.0	13720    	0.2553   	13720    	0.006706 	27439024 	0.00000500
	  14	11789    	0.0	14736    	0.2355   	14736    	0.006701 	29471545 	0.00000500
	  15	12602    	0.0	15752    	0.2174   	15752    	0.006702 	31504065 	0.00000500
	  16	13415    	0.00003333	16768    	0.2010   	16768    	0.006723 	33536585 	0.00000500
	  17	14228    	0.0001333	17785    	0.1860   	17785    	0.006772 	35569106 	0.00000500
	  18	15041    	0.0001667	18801    	0.1723   	18801    	0.006849 	37601626 	0.00000500
	  19	15854    	0.0001667	19817    	0.1599   	19817    	0.006948 	39634146 	0.00000500
	  20	16667    	0.00003333	20833    	0.1485   	20833    	0.007060 	41666667 	0.00000500
	  21	17480    	0.00006667	21850    	0.1381   	21850    	0.007180 	43699187 	0.00000500
	  22	18293    	0.0003667	22866    	0.1285   	22866    	0.007306 	45731707 	0.00000500
	  23	19106    	0.0004667	23882    	0.1197   	23882    	0.007435 	47764228 	0.00000500
	  24	19919    	0.0005000	24898    	0.1116   	24898    	0.007566 	49796748 	0.00000500
	  25	20732    	0.0007667	25915    	0.1041   	25915    	0.007699 	51829268 	0.00000500
	  26	21545    	0.0004000	26931    	0.09722  	26931    	0.007831 	53861789 	0.00000500
	  27	22358    	0.0007000	27947    	0.09084  	27947    	0.007962 	55894309 	0.00000500
	  28	23171    	0.0008667	28963    	0.08493  	28963    	0.008090 	57926829 	0.00000500
	  29	23984    	0.0007667	29980    	0.07945  	29980    	0.008213 	59959350 	0.00000500
	  30	24797    	0.001633 	30996    	0.07436  	30996    	0.008331 	61991870 	0.00000500
	  31	25610    	0.001467 	32012    	0.06963  	32012    	0.008443 	64024390 	0.00000500
	  32	26423    	0.001400 	33028    	0.06523  	33028    	0.008550 	66056911 	0.00000500
	  33	27236    	0.001733 	34045    	0.06113  	34045    	0.008652 	68089431 	0.00000500
	  34	28049    	0.002433 	35061    	0.05731  	35061    	0.008750 	70121951 	0.00000500
	  35	28862    	0.003033 	36077    	0.05375  	36077    	0.008845 	72154472 	0.00000500
	  36	29675    	0.003167 	37093    	0.05043  	37093    	0.008938 	74186992 	0.00000500
	  37	30488    	0.003633 	38110    	0.04733  	38110    	0.009028 	76219512 	0.00000500
	  38	31301    	0.004000 	39126    	0.04444  	39126    	0.009117 	78252033 	0.00000500
	  39	32114    	0.003733 	40142    	0.04174  	40142    	0.009206 	80284553 	0.00000500
	  40	32927    	0.003867 	41159    	0.03923  	41159    	0.009293 	82317073 	0.00000500
	  41	33740    	0.004833 	42175    	0.03687  	42175    	0.009380 	84349593 	0.00000500
	  42	34553    	0.004633 	43191    	0.03467  	43191    	0.009466 	86382114 	0.00000500
	  43	35366    	0.004900 	44207    	0.03261  	44207    	0.009552 	88414634 	0.00000500
	  44	36179    	0.006433 	45224    	0.03068  	45224    	0.009637 	90447154 	0.00000500
	  45	36992    	0.006433 	46240    	0.02887  	46240    	0.009721 	92479675 	0.00000500
	  46	37805    	0.007300 	47256    	0.02716  	47256    	0.009804 	94512195 	0.00000500
	  47	38618    	0.008233 	48272    	0.02556  	48272    	0.009885 	96544715 	0.00000500
	  48	39431    	0.008933 	49289    	0.02405  	49289    	0.009966 	98577236 	0.00000500
	  49	40244    	0.009633 	50305    	0.02263  	50305    	0.01004  	100609756	0.00000500
	  50	41057    	0.009133 	51321    	0.02130  	51321    	0.01012  	102642276	0.00000500
	  51	41870    	0.01060  	52337    	0.02004  	52337    	0.01020  	104674797	0.00000500
	  52	42683    	0.01160  	53354    	0.01886  	53354    	0.01027  	106707317	0.00000500
	  53	43496    	0.01217  	54370    	0.01774  	54370    	0.01034  	108739837	0.00000500
	  54	44309    	0.01320  	55386    	0.01669  	55386    	0.01041  	110772358	0.00000500
	  55	45122    	0.01323  	56402    	0.01571  	56402    	0.01048  	112804878	0.00000500
	  56	45935    	0.01427  	57419    	0.01478  	57419    	0.01054  	114837398	0.00000500
	  57	46748    	0.01473  	58435    	0.01391  	58435    	0.01060  	116869919	0.00000500
	  58	47561    	0.01530  	59451    	0.01310  	59451    	0.01066  	118902439	0.00000500
	  59	48374    	0.01583  	60467    	0.01233  	60467    	0.01072  	120934959	0.00000500
	  60	49187    	0.01560  	61484    	0.01161  	61484    	0.01077  	122967480	0.00000500
	  61	50000    	0.01750  	62500    	0.01094  	62500    	0.01082  	125000000	0.00000500
	  62	50813    	0.01910  	63516    	0.01031  	63516    	0.01087  	127032520	0.00000500
	  63	51626    	0.01970  	64533    	0.009718 	64533    	0.01092  	129065041	0.00000500
	  64	52439    	0.01943  	65549    	0.009164 	65549    	0.01096  	131097561	0.00000500
	  65	53252    	0.02153  	66565    	0.008646 	66565    	0.01101  	133130081	0.00000500
	  66	54065    	0.02173  	67581    	0.008160 	67581    	0.01105  	135162602	0.00000500
	  67	54878    	0.02353  	68598    	0.007705 	68598    	0.01109  	137195122	0.00000500
	  68	55691    	0.02370  	69614    	0.007279 	69614    	0.01113  	139227642	0.00000500
	  69	56504    	0.02597  	70630    	0.006879 	70630    	0.01116  	141260163	0.00000500
	  70	57317    	0.02617  	71646    	0.006505 	71646    	0.01120  	143292683	0.00000500
	  71	58130    	0.02743  	72663    	0.006154 	72663    	0.01123  	145325203	0.00000500
	  72	58943    	0.02783  	73679    	0.005824 	73679    	0.01126  	147357724	0.00000500
	  73	59756    	0.02957  	74695    	0.005515 	74695    	0.01129  	149390244	0.00000500
	  74	60569    	0.03060  	75711    	0.005225 	75711    	0.01132  	151422764	0.00000500
	  75	61382    	0.03133  	76728    	0.004952 	76728    	0.01135  	153455285	0.00000500
	  76	62195    	0.03003  	77744    	0.004696 	77744    	0.01138  	155487805	0.00000500
	  77	63008    	0.03233  	78760    	0.004455 	78760    	0.01140  	157520325	0.00000500
	  78	63821    	0.03537  	79776    	0.004228 	79776    	0.01143  	159552846	0.00000500
	  79	64634    	0.03570  	80793    	0.004014 	80793    	0.01145  	161585366	0.00000500
	  80	65447    	0.03587  	81809    	0.003813 	81809    	0.01147  	163617886	0.00000500
	  81	66260    	0.03720  	82825    	0.003624 	82825    	0.01149  	165650407	0.00000500
	  82	67073    	0.03727  	83841    	0.003445 	83841    	0.01151  	167682927	0.00000500
	  83	67886    	0.04077  	84858    	0.003276 	84858    	0.01153  	169715447	0.00000500
	  84	68699    	0.03853  	85874    	0.003117 	85874    	0.01155  	171747967	0.00000500
	  85	69512    	0.04127  	86890    	0.002967 	86890    	0.01157  	173780488	0.00000500
	  86	70325    	0.04200  	87907    	0.002826 	87907    	0.01158  	175813008	0.00000500
	  87	71138    	0.04303  	88923    	0.002692 	88923    	0.01160  	177845528	0.00000500
	  88	71951    	0.04517  	89939    	0.002565 	89939    	0.01161  	179878049	0.00000500
	  89	72764    	0.04310  	90955    	0.002445 	90955    	0.01162  	181910569	0.00000500
	  90	73577    	0.04533  	91972    	0.002332 	91972    	0.01163  	183943089	0.00000500
	  91	74390    	0.04847  	92988    	0.002225 	92988    	0.01165  	185975610	0.00000500
	  92	75203    	0.04723  	94004    	0.002124 	94004    	0.01166  	188008130	0.00000500
	  93	76016    	0.04910  	95020    	0.002028 	95020    	0.01166  	190040650	0.00000500
	  94	76829    	0.04940  	96037    	0.001937 	96037    	0.01167  	192073171	0.00000500
	  95	77642    	0.05007  	97053    	0.001851 	97053    	0.01168  	194105691	0.00000500
	  96	78455    	0.05310  	98069    	0.001770 	98069    	0.01169  	196138211	0.00000500
	  97	79268    	0.05323  	99085    	0.001693 	99085    	0.01169  	198170732	0.00000500
	  98	80081    	0.05263  	100102   	0.001620 	100102   	0.01170  	200203252	0.00000500
	  99	80894    	0.05510  	101118   	0.001551 	101118   	0.01170  	202235772	0.00000500
	 100	81707    	0.05470  	102134   	0.001485 	102134   	0.01171  	204268293	0.00000500
	 101	82520    	0.05493  	103150   	0.001423 	103150   	0.01171  	206300813	0.00000500
	 102	83333    	0.05850  	104167   	0.001364 	104167   	0.01171  	208333333	0.00000500
	 103	84146    	0.05803  	105183   	0.001308 	105183   	0.01172  	210365854	0.00000500
	 104	84959    	0.05923  	106199   	0.001255 	106199   	0.01172  	212398374	0.00000500
	 105	85772    	0.05883  	107215   	0.001205 	107215   	0.01172  	214430894	0.00000500
	 106	86585    	0.06100  	108232   	0.001158 	108232   	0.01172  	216463415	0.00000500
	 107	87398    	0.06130  	109248   	0.001112 	109248   	0.01172  	218495935	0.00000500
	 108	88211    	0.06410  	110264   	0.001069 	110264   	0.01172  	220528455	0.00000500
	 109	89024    	0.06447  	111280   	0.001029 	111280   	0.01172  	222560976	0.00000500
	 110	89837    	0.06443  	112297   	0.0009900	112297   	0.01172  	224593496	0.00000500
	 111	90650    	0.06850  	113313   	0.0009533	113313   	0.01171  	226626016	0.00000500
	 112	91463    	0.06920  	114329   	0.0009185	114329   	0.01171  	228658537	0.00000500
	 113	92276    	0.06630  	115346   	0.0008854	115346   	0.01171  	230691057	0.00000500
	 114	93089    	0.06997  	116362   	0.0008540	116362   	0.01171  	232723577	0.00000500
	 115	93902    	0.06800  	117378   	0.0008241	117378   	0.01170  	234756098	0.00000500
	 116	94715    	0.06763  	118394   	0.0007957	118394   	0.01170  	236788618	0.00000500
	 117	95528    	0.07030  	119411   	0.0007688	119411   	0.01170  	238821138	0.00000500
	 118	96341    	0.07017  	120427   	0.0007432	120427   	0.01169  	240853659	0.00000500
	 119	97154    	0.06940  	121443   	0.0007188	121443   	0.01169  	242886179	0.00000500
	 120	97967    	0.07223  	122459   	0.0006957	122459   	0.01169  	244918699	0.00000500
	 121	98780    	0.07283  	123476   	0.0006737	123476   	0.01168  	246951220	0.00000500
	 122	99593    	0.07090  	124492   	0.0006527	124492   	0.01168  	248983740	0.00000500
	 123	100407   	0.07163  	125508   	0.0006328	125508   	0.01167  	251016260	0.00000500
	 124	101220   	0.07730  	126524   	0.0006139	126524   	0.01167  	253048780	0.00000500
	 125	102033   	0.07750  	127541   	0.0005959	127541   	0.01166  	255081301	0.00000500
	 126	102846   	0.07517  	128557   	0.0005788	128557   	0.01165  	257113821	0.00000500
	 127	103659   	0.07680  	129573   	0.0005624	129573   	0.01165  	259146341	0.00000500
	 128	104472   	0.07997  	130589   	0.0005469	130589   	0.01164  	261178862	0.00000500
	 129	105285   	0.07973  	131606   	0.0005322	131606   	0.01164  	263211382	0.00000500
	 130	106098   	0.07830  	132622   	0.0005181	132622   	0.01163  	265243902	0.00000500
	 131	106911   	0.07943  	133638   	0.0005047	133638   	0.01162  	267276423	0.00000500
	 132	107724   	0.07890  	134654   	0.0004919	134654   	0.01162  	269308943	0.00000500
	 133	108537   	0.08317  	135671   	0.0004798	135671   	0.01161  	271341463	0.00000500
	 134	109350   	0.08303  	136687   	0.0004682	136687   	0.01160  	273373984	0.00000500
	 135	110163   	0.08127  	137703   	0.0004572	137703   	0.01160  	275406504	0.00000500
	 136	110976   	0.08370  	138720   	0.0004467	138720   	0.01159  	277439024	0.00000500
	 137	111789   	0.08547  	139736   	0.0004367	139736   	0.01158  	279471545	0.00000500
	 138	112602   	0.08120  	140752   	0.0004271	140752   	0.01158  	281504065	0.00000500
	 139	113415   	0.08457  	141768   	0.0004180	141768   	0.01157  	283536585	0.00000500
	 140	114228   	0.08657  	142785   	0.0004093	142785   	0.01156  	285569106	0.00000500
	 141	115041   	0.08910  	143801   	0.0004010	143801   	0.01155  	287601626	0.00000500
	 142	115854   	0.08580  	144817   	0.0003931	144817   	0.01155  	289634146	0.00000500
	 143	116667   	0.08517  	145833   	0.0003856	145833   	0.01154  	291666667	0.00000500
	 144	117480   	0.08637  	146850   	0.0003783	146850   	0.01153  	293699187	0.00000500
	 145	118293   	0.08880  	147866   	0.0003715	147866   	0.01152  	295731707	0.00000500
	 146	119106   	0.08810  	148882   	0.0003649	148882   	0.01152  	297764228	0.00000500
	 147	119919   	0.08987  	149898   	0.0003586	149898   	0.01151  	299796748	0.00000500
	 148	120732   	0.08737  	150915   	0.0003526	150915   	0.01150  	301829268	0.00000500
	 149	121545   	0.08720  	151931   	0.0003469	151931   	0.01149  	303861789	0.00000500
	 150	122358   	0.09137  	152947   	0.0003414	152947   	0.01149  	305894309	0.00000500
	 151	123171   	0.09187  	153963   	0.0003361	153963   	0.01148  	307926829	0.00000500
	 152	123984   	0.09043  	154980   	0.0003311	154980   	0.01147  	309959350	0.00000500
	 153	124797   	0.09340  	155996   	0.0003263	155996   	0.01146  	311991870	0.00000500
	 154	125610   	0.09253  	157012   	0.0003217	157012   	0.01145  	314024390	0.00000500
	 155	126423   	0.09117  	158028   	0.0003173	158028   	0.01145  	316056911	0.00000500
	 156	127236   	0.09130  	159045   	0.0003131	159045   	0.01144  	318089431	0.00000500
	 157	128049   	0.09383  	160061   	0.0003091	160061   	0.01143  	320121951	0.00000500
	 158	128862   	0.09447  	161077   	0.0003052	161077   	0.01142  	322154472	0.00000500
	 159	129675   	0.09510  	162093   	0.0003015	162093   	0.01141  	324186992	0.00000500
	 160	130488   	0.09450  	163110   	0.0002979	163110   	0.01141  	326219512	0.00000500
	 161	131301   	0.09327  	164126   	0.0002945	164126   	0.01140  	328252033	0.00000500
	 162	132114   	0.09360  	165142   	0.0002913	165142   	0.01139  	330284553	0.00000500
	 163	132927   	0.09407  	166159   	0.0002881	166159   	0.01138  	332317073	0.00000500
	 164	133740   	0.09763  	167175   	0.0002851	167175   	0.01138  	334349593	0.00000500
	 165	134553   	0.09887  	168191   	0.0002822	168191   	0.01137  	336382114	0.00000500
	 166	135366   	0.09523  	169207   	0.0002794	169207   	0.01136  	338414634	0.00000500
	 167	136179   	0.09690  	170224   	0.0002767	170224   	0.01135  	340447154	0.00000500
	 168	136992   	0.09647  	171240   	0.0002742	171240   	0.01134  	342479675	0.00000500
	 169	137805   	0.09983  	172256   	0.0002717	172256   	0.01134  	344512195	0.00000500
	 170	138618   	0.09847  	173272   	0.0002693	173272   	0.01133  	346544715	0.00000500
	 171	139431   	0.09807  	174289   	0.0002670	174289   	0.01132  	348577236	0.00000500
	 172	140244   	0.09870  	175305   	0.0002648	175305   	0.01131  	350609756	0.00000500
	 173	141057   	0.1007   	176321   	0.0002627	176321   	0.01130  	352642276	0.00000500
	 174	141870   	0.1021   	177337   	0.0002606	177337   	0.01130  	354674797	0.00000500
	 175	142683   	0.09700  	178354   	0.0002586	178354   	0.01129  	356707317	0.00000500
	 176	143496   	0.09813  	179370   	0.0002567	179370   	0.01128  	358739837	0.00000500
	 177	144309   	0.1015   	180386   	0.0002549	180386   	0.01127  	360772358	0.00000500
	 178	145122   	0.09930  	181402   	0.0002531	181402   	0.01127  	362804878	0.00000500
	 179	145935   	0.1021   	182419   	0.0002514	182419   	0.01126  	364837398	0.00000500
	 180	146748   	0.1032   	183435   	0.0002498	183435   	0.01125  	366869919	0.00000500
	 181	147561   	0.1032   	184451   	0.0002482	184451   	0.01124  	368902439	0.00000500
	 182	148374   	0.09953  	185467   	0.0002466	185467   	0.01123  	370934959	0.00000500
	 183	149187   	0.1014   	186484   	0.0002451	186484   	0.01123  	372967480	0.00000500
	 184	150000   	0.1041   	187500   	0.0002437	187500   	0.01122  	375000000	0.00000500
	 185	150813   	0.1014   	188516   	0.0002423	188516   	0.01121  	377032520	0.00000500
	 186	151626   	0.1056   	189533   	0.0002409	189533   	0.01120  	379065041	0.00000500
	 187	152439   	0.1021   	190549   	0.0002396	190549   	0.01120  	381097561	0.00000500
	 188	153252   	0.1018   	191565   	0.0002384	191565   	0.01119  	383130081	0.00000500
	 189	154065   	0.1046   	192581   	0.0002371	192581   	0.01118  	385162602	0.00000500
	 190	154878   	0.1015   	193598   	0.0002359	193598   	0.01117  	387195122	0.00000500
	 191	155691   	0.1043   	194614   	0.0002348	194614   	0.01117  	389227642	0.00000500
	 192	156504   	0.1054   	195630   	0.0002337	195630   	0.01116  	391260163	0.00000500
	 193	157317   	0.1053   	196646   	0.0002326	196646   	0.01115  	393292683	0.00000500
	 194	158130   	0.1030   	197663   	0.0002315	197663   	0.01114  	395325203	0.00000500
	 195	158943   	0.1037   	198679   	0.0002305	198679   	0.01114  	397357724	0.00000500
	 196	159756   	0.1054   	199695   	0.0002295	199695   	0.01113  	399390244	0.00000500
	 197	160569   	0.1050   	200711   	0.0002285	200711   	0.01112  	401422764	0.00000500
	 198	161382   	0.1010   	201728   	0.0002276	201728   	0.01111  	403455285	0.00000500
	 199	162195   	0.1031   	202744   	0.0002267	202744   	0.01111  	405487805	0.00000500
	 200	163008   	0.1067   	203760   	0.0002258	203760   	0.01110  	407520325	0.00000500
	 201	163821   	0.1072   	204776   	0.0002249	204776   	0.01109  	409552846	0.00000500
	 202	164634   	0.1038   	205793   	0.0002240	205793   	0.01108  	411585366	0.00000500
	 203	165447   	0.1062   	206809   	0.0002232	206809   	0.01108  	413617886	0.00000500
	 204	166260   	0.1040   	207825   	0.0002224	207825   	0.01107  	415650407	0.00000500
	 205	167073   	0.1053   	208841   	0.0002216	208841   	0.01106  	417682927	0.00000500
	 206	167886   	0.1043   	209858   	0.0002209	209858   	0.01105  	419715447	0.00000500
	 207	168699   	0.1106   	210874   	0.0002201	210874   	0.01105  	421747967	0.00000500
	 208	169512   	0.1103   	211890   	0.0002194	211890   	0.01104  	423780488	0.00000500
	 209	170325   	0.1049   	212907   	0.0002187	212907   	0.01103  	425813008	0.00000500
	 210	171138   	0.1084   	213923   	0.0002180	213923   	0.01103  	427845528	0.00000500
	 211	171951   	0.1073   	214939   	0.0002173	214939   	0.01102  	429878049	0.00000500
	 212	172764   	0.1061   	215955   	0.0002166	215955   	0.01101  	431910569	0.00000500
	 213	173577   	0.1050   	216972   	0.0002160	216972   	0.01101  	433943089	0.00000500
	 214	174390   	0.1055   	217988   	0.0002153	217988   	0.01100  	435975610	0.00000500
	 215	175203   	0.1051   	219004   	0.0002147	219004   	0.01099  	438008130	0.00000500
	 216	176016   	0.1045   	220020   	0.0002141	220020   	0.01098  	440040650	0.00000500
	 217	176829   	0.1044   	221037   	0.0002135	221037   	0.01098  	442073171	0.00000500
	 218	177642   	0.1107   	222053   	0.0002129	222053   	0.01097  	444105691	0.00000500
	 219	178455   	0.1096   	223069   	0.0002123	223069   	0.01096  	446138211	0.00000500
	 220	179268   	0.1080   	224085   	0.0002118	224085   	0.01096  	448170732	0.00000500
	 221	180081   	0.1059   	225102   	0.0002112	225102   	0.01095  	450203252	0.00000500
	 222	180894   	0.1093   	226118   	0.0002107	226118   	0.01094  	452235772	0.00000500
	 223	181707   	0.1065   	227134   	0.0002102	227134   	0.01094  	454268293	0.00000500
	 224	182520   	0.1083   	228150   	0.0002096	228150   	0.01093  	456300813	0.00000500
	 225	183333   	0.1077   	229167   	0.0002091	229167   	0.01092  	458333333	0.00000500
	 226	184146   	0.1111   	230183   	0.0002086	230183   	0.01092  	460365854	0.00000500
	 227	184959   	0.1075   	231199   	0.0002081	231199   	0.01091  	462398374	0.00000500
	 228	185772   	0.1099   	232215   	0.0002077	232215   	0.01090  	464430894	0.00000500
	 229	186585   	0.1094   	233232   	0.0002072	233232   	0.01090  	466463415	0.00000500
	 230	187398   	0.1129   	234248   	0.0002067	234248   	0.01089  	468495935	0.00000500
	 231	188211   	0.1064   	235264   	0.0002063	235264   	0.01088  	470528455	0.00000500
	 232	189024   	0.1088   	236280   	0.0002058	236280   	0.01088  	472560976	0.00000500
	 233	189837   	0.1102   	237297   	0.0002054	237297   	0.01087  	474593496	0.00000500
	 234	190650   	0.1119   	238313   	0.0002049	238313   	0.01087  	476626016	0.00000500
	 235	191463   	0.1099   	239329   	0.0002045	239329   	0.01086  	478658537	0.00000500
	 236	192276   	0.1089   	240346   	0.0002041	240346   	0.01085  	480691057	0.00000500
	 237	193089   	0.1117   	241362   	0.0002037	241362   	0.01085  	482723577	0.00000500
	 238	193902   	0.1112   	242378   	0.0002033	242378   	0.01084  	484756098	0.00000500
	 239	194715   	0.1131   	243394   	0.0002029	243394   	0.01083  	486788618	0.00000500
	 240	195528   	0.1064   	244411   	0.0002025	244411   	0.01083  	488821138	0.00000500
	 241	196341   	0.1092   	245427   	0.0002021	245427   	0.01082  	490853659	0.00000500
	 242	197154   	0.1107   	246443   	0.0002017	246443   	0.01082  	492886179	0.00000500
	 243	197967   	0.1096   	247459   	0.0002013	247459   	0.01081  	494918699	0.00000500
	 244	198780   	0.1104   	248476   	0.0002009	248476   	0.01080  	496951220	0.00000500
	 245	199593   	0.1089   	249492   	0.0002006	249492   	0.01080  	498983740	0.00000500
	 246	200407   	0.1109   	250508   	0.0002002	250508   	0.01079  	501016260	0.00000500
	 247	201220   	0.1147   	251524   	0.0001998	251524   	0.01079  	503048780	0.00000500
	 248	202033   	0.1091   	252541   	0.0001995	252541   	0.01078  	505081301	0.00000500
	 249	202846   	0.1091   	253557   	0.0001991	253557   	0.01077  	507113821	0.00000500
	 250	203659   	0.1123   	254573   	0.0001988	254573   	0.01077  	509146341	0.00000500
	 251	204472   	0.1128   	255589   	0.0001985	255589   	0.01076  	511178862	0.00000500
	 252	205285   	0.1076   	256606   	0.0001981	256606   	0.01076  	513211382	0.00000500
	 253	206098   	0.1111   	257622   	0.0001978	257622   	0.01075  	515243902	0.00000500
	 254	206911   	0.1123   	258638   	0.0001975	258638   	0.01074  	517276423	0.00000500
	 255	207724   	0.1092   	259654   	0.0001972	259654   	0.01074  	519308943	0.00000500
	 256	208537   	0.1101   	260671   	0.0001968	260671   	0.01073  	521341463	0.00000500
	 257	209350   	0.1092   	261687   	0.0001965	261687   	0.01073  	523373984	0.00000500
	 258	210163   	0.1105   	262703   	0.0001962	262703   	0.01072  	525406504	0.00000500
	 259	210976   	0.1091   	263720   	0.0001959	263720   	0.01072  	527439024	0.00000500
	 260	211789   	0.1098   	264736   	0.0001956	264736   	0.01071  	529471545	0.00000500
	 261	212602   	0.1134   	265752   	0.0001953	265752   	0.01071  	531504065	0.00000500
	 262	213415   	0.1093   	266768   	0.0001950	266768   	0.01070  	533536585	0.00000500
	 263	214228   	0.1119   	267785   	0.0001947	267785   	0.01069  	535569106	0.00000500
	 264	215041   	0.1130   	268801   	0.0001944	268801   	0.01069  	537601626	0.00000500
	 265	215854   	0.1094   	269817   	0.0001942	269817   	0.01068  	539634146	0.00000500
	 266	216667   	0.1104   	270833   	0.0001939	270833   	0.01068  	541666667	0.00000500
	 267	217480   	0.1126   	271850   	0.0001936	271850   	0.01067  	543699187	0.00000500
	 268	218293   	0.1101   	272866   	0.0001933	272866   	0.01067  	545731707	0.00000500
	 269	219106   	0.1086   	273882   	0.0001931	273882   	0.01066  	547764228	0.00000500
	 270	219919   	0.1098   	274898   	0.0001928	274898   	0.01066  	549796748	0.00000500
	 271	220732   	0.1126   	275915   	0.0001925	275915   	0.01065  	551829268	0.00000500
	 272	221545   	0.1101   	276931   	0.0001923	276931   	0.01065  	553861789	0.00000500
	 273	222358   	0.1121   	277947   	0.0001920	277947   	0.01064  	555894309	0.00000500
	 274	223171   	0.1114   	278963   	0.0001917	278963   	0.01064  	557926829	0.00000500
	 275	223984   	0.1085   	279980   	0.0001915	279980   	0.01063  	559959350	0.00000500
	 276	224797   	0.1108   	280996   	0.0001912	280996   	0.01062  	561991870	0.00000500
	 277	225610   	0.1080   	282012   	0.0001910	282012   	0.01062  	564024390	0.00000500
	 278	226423   	0.1113   	283028   	0.0001907	283028   	0.01061  	566056911	0.00000500
	 279	227236   	0.1146   	284045   	0.0001905	284045   	0.01061  	568089431	0.00000500
	 280	228049   	0.1087   	285061   	0.0001903	285061   	0.01060  	570121951	0.00000500
	 281	228862   	0.1121   	286077   	0.0001900	286077   	0.01060  	572154472	0.00000500
	 282	229675   	0.1109   	287093   	0.0001898	287093   	0.01059  	574186992	0.00000500
	 283	230488   	0.1115   	288110   	0.0001895	288110   	0.01059  	576219512	0.00000500
	 284	231301   	0.1128   	289126   	0.0001893	289126   	0.01058  	578252033	0.00000500
	 285	232114   	0.1110   	290142   	0.0001891	290142   	0.01058  	580284553	0.00000500
	 286	232927   	0.1108   	291159   	0.0001888	291159   	0.01057  	582317073	0.00000500
	 287	233740   	0.1095   	292175   	0.0001886	292175   	0.01057  	584349593	0.00000500
	 288	234553   	0.1111   	293191   	0.0001884	293191   	0.01057  	586382114	0.00000500
	 289	235366   	0.1112   	294207   	0.0001882	294207   	0.01056  	588414634	0.00000500
	 290	236179   	0.1135   	295224   	0.0001880	295224   	0.01056  	590447154	0.00000500
	 291	236992   	0.1114   	296240   	0.0001877	296240   	0.01055  	592479675	0.00000500
	 292	237805   	0.1123   	297256   	0.0001875	297256   	0.01055  	594512195	0.00000500
	 293	238618   	0.1105   	298272   	0.0001873	298272   	0.01054  	596544715	0.00000500
	 294	239431   	0.1144   	299289   	0.0001871	299289   	0.01054  	598577236	0.00000500
	 295	240244   	0.1087   	300305   	0.0001869	300305   	0.01053  	600609756	0.00000500
	 296	241057   	0.1128   	301321   	0.0001867	301321   	0.01053  	602642276	0.00000500
	 297	241870   	0.1125   	302337   	0.0001865	302337   	0.01052  	604674797	0.00000500
	 298	242683   	0.1114   	303354   	0.0001863	303354   	0.01052  	606707317	0.00000500
	 299	243496   	0.1115   	304370   	0.0001861	304370   	0.01051  	608739837	0.00000500
	 300	244309   	0.1087   	305386   	0.0001859	305386   	0.01051  	610772358	0.00000500
	 301	245122   	0.1123   	306402   	0.0001857	306402   	0.01050  	612804878	0.00000500
	 302	245935   	0.1143   	307419   	0.0001855	307419   	0.01050  	614837398	0.00000500
	 303	246748   	0.1083   	308435   	0.0001853	308435   	0.01050  	616869919	0.00000500
	 304	247561   	0.1128   	309451   	0.0001851	309451   	0.01049  	618902439	0.00000500
	 305	248374   	0.1135   	310467   	0.0001849	310467   	0.01049  	620934959	0.00000500
	 306	249187   	0.1095   	311484   	0.0001847	311484   	0.01048  	622967480	0.00000500
	 307	250000   	0.1136   	312500   	0.0001845	312500   	0.01048  	625000000	0.00000500
	 308	250813   	0.1147   	313516   	0.0001843	313516   	0.01047  	627032520	0.00000500
	 309	251626   	0.1105   	314533   	0.0001841	314533   	0.01047  	629065041	0.00000500
	 310	252439   	0.1122   	315549   	0.0001839	315549   	0.01046  	631097561	0.00000500
	 311	253252   	0.1119   	316565   	0.0001837	316565   	0.01046  	633130081	0.00000500
	 312	254065   	0.1139   	317581   	0.0001836	317581   	0.01046  	635162602	0.00000500
	 313	254878   	0.1096   	318598   	0.0001834	318598   	0.01045  	637195122	0.00000500
	 314	255691   	0.1139   	319614   	0.0001832	319614   	0.01045  	639227642	0.00000500
	 315	256504   	0.1129   	320630   	0.0001830	320630   	0.01044  	641260163	0.00000500
	 316	257317   	0.1137   	321646   	0.0001828	321646   	0.01044  	643292683	0.00000500
	 317	258130   	0.1116   	322663   	0.0001827	322663   	0.01043  	645325203	0.00000500
	 318	258943   	0.1141   	323679   	0.0001825	323679   	0.01043  	647357724	0.00000500
	 319	259756   	0.1162   	324695   	0.0001823	324695   	0.01043  	649390244	0.00000500
	 320	260569   	0.1106   	325711   	0.0001821	325711   	0.01042  	651422764	0.00000500
	 321	261382   	0.1103   	326728   	0.0001820	326728   	0.01042  	653455285	0.00000500
	 322	262195   	0.1099   	327744   	0.0001818	327744   	0.01041  	655487805	0.00000500
	 323	263008   	0.1166   	328760   	0.0001816	328760   	0.01041  	657520325	0.00000500
	 324	263821   	0.1125   	329776   	0.0001815	329776   	0.01041  	659552846	0.00000500
	 325	264634   	0.1078   	330793   	0.0001813	330793   	0.01040  	661585366	0.00000500
	 326	265447   	0.1115   	331809   	0.0001811	331809   	0.01040  	663617886	0.00000500
	 327	266260   	0.1176   	332825   	0.0001810	332825   	0.01039  	665650407	0.00000500
	 328	267073   	0.1096   	333841   	0.0001808	333841   	0.01039  	667682927	0.00000500
	 329	267886   	0.1133   	334858   	0.0001806	334858   	0.01039  	669715447	0.00000500
	 330	268699   	0.1123   	335874   	0.0001805	335874   	0.01038  	671747967	0.00000500
	 331	269512   	0.1130   	336890   	0.0001803	336890   	0.01038  	673780488	0.00000500
	 332	270325   	0.1130   	337907   	0.0001802	337907   	0.01037  	675813008	0.00000500
	 333	271138   	0.1131   	338923   	0.0001800	338923   	0.01037  	677845528	0.00000500
	 334	271951   	0.1103   	339939   	0.0001798	339939   	0.01037  	679878049	0.00000500
	 335	272764   	0.1097   	340955   	0.0001797	340955   	0.01036  	681910569	0.00000500
	 336	273577   	0.1147   	341972   	0.0001795	341972   	0.01036  	683943089	0.00000500
	 337	274390   	0.1144   	342988   	0.0001794	342988   	0.01036  	685975610	0.00000500
	 338	275203   	0.1118   	344004   	0.0001792	344004   	0.01035  	688008130	0.00000500
	 339	276016   	0.1140   	345020   	0.0001791	345020   	0.01035  	690040650	0.00000500
	 340	276829   	0.1121   	346037   	0.0001789	346037   	0.01034  	692073171	0.00000500
	 341	277642   	0.1131   	347053   	0.0001788	347053   	0.01034  	694105691	0.00000500
	 342	278455   	0.1118   	348069   	0.0001786	348069   	0.01034  	696138211	0.00000500
	 343	279268   	0.1115   	349085   	0.0001785	349085   	0.01033  	698170732	0.00000500
	 344	280081   	0.1134   	350102   	0.0001783	350102   	0.01033  	700203252	0.00000500
	 345	280894   	0.1116   	351118   	0.0001782	351118   	0.01033  	702235772	0.00000500
	 346	281707   	0.1081   	352134   	0.0001780	352134   	0.01032  	704268293	0.00000500
	 347	282520   	0.1119   	353150   	0.0001779	353150   	0.01032  	706300813	0.00000500
	 348	283333   	0.1130   	354167   	0.0001778	354167   	0.01031  	708333333	0.00000500
	 349	284146   	0.1127   	355183   	0.0001776	355183   	0.01031  	710365854	0.00000500
	 350	284959   	0.1138   	356199   	0.0001775	356199   	0.01031  	712398374	0.00000500
	 351	285772   	0.1093   	357215   	0.0001773	357215   	0.01030  	714430894	0.00000500
	 352	286585   	0.1166   	358232   	0.0001772	358232   	0.01030  	716463415	0.00000500
	 353	287398   	0.1140   	359248   	0.0001771	359248   	0.01030  	718495935	0.00000500
	 354	288211   	0.1123   	360264   	0.0001769	360264   	0.01029  	720528455	0.00000500
	 355	289024   	0.1140   	361280   	0.0001768	361280   	0.01029  	722560976	0.00000500
	 356	289837   	0.1118   	362297   	0.0001766	362297   	0.01029  	724593496	0.00000500
	 357	290650   	0.1102   	363313   	0.0001765	363313   	0.01028  	726626016	0.00000500
	 358	291463   	0.1118   	364329   	0.0001764	364329   	0.01028  	728658537	0.00000500
	 359	292276   	0.1095   	365346   	0.0001762	365346   	0.01028  	730691057	0.00000500
	 360	293089   	0.1129   	366362   	0.0001761	366362   	0.01027  	732723577	0.00000500
	 361	293902   	0.1102   	367378   	0.0001760	367378   	0.01027  	734756098	0.00000500
	 362	294715   	0.1130   	368394   	0.0001758	368394   	0.01027  	736788618	0.00000500
	 363	295528   	0.1147   	369411   	0.0001757	369411   	0.01026  	738821138	0.00000500
	 364	296341   	0.1134   	370427   	0.0001756	370427   	0.01026  	740853659	0.00000500
	 365	297154   	0.1166   	371443   	0.0001755	371443   	0.01026  	742886179	0.00000500
	 366	297967   	0.1116   	372459   	0.0001753	372459   	0.01025  	744918699	0.00000500
	 367	298780   	0.1102   	373476   	0.0001752	373476   	0.01025  	746951220	0.00000500
	 368	299593   	0.1118   	374492   	0.0001751	374492   	0.01025  	748983740	0.00000500
	 369	300407   	0.1127   	375508   	0.0001749	375508   	0.01024  	751016260	0.00000500
	 370	301220   	0.1125   	376524   	0.0001748	376524   	0.01024  	753048780	0.00000500
	 371	302033   	0.1144   	377541   	0.0001747	377541   	0.01024  	755081301	0.00000500
	 372	302846   	0.1140   	378557   	0.0001746	378557   	0.01023  	757113821	0.00000500
	 373	303659   	0.1148   	379573   	0.0001745	379573   	0.01023  	759146341	0.00000500
	 374	304472   	0.1119   	380589   	0.0001743	380589   	0.01023  	761178862	0.00000500
	 375	305285   	0.1085   	381606   	0.0001742	381606   	0.01022  	763211382	0.00000500
	 376	306098   	0.1101   	382622   	0.0001741	382622   	0.01022  	765243902	0.00000500
	 377	306911   	0.1116   	383638   	0.0001740	383638   	0.01022  	767276423	0.00000500
	 378	307724   	0.1120   	384654   	0.0001738	384654   	0.01021  	769308943	0.00000500
	 379	308537   	0.1101   	385671   	0.0001737	385671   	0.01021  	771341463	0.00000500
	 380	309350   	0.1160   	386687   	0.0001736	386687   	0.01021  	773373984	0.00000500
	 381	310163   	0.1143   	387703   	0.0001735	387703   	0.01020  	775406504	0.00000500
	 382	310976   	0.1081   	388720   	0.0001734	388720   	0.01020  	777439024	0.00000500
	 383	311789   	0.1144   	389736   	0.0001733	389736   	0.01020  	779471545	0.00000500
	 384	312602   	0.1119   	390752   	0.0001731	390752   	0.01020  	781504065	0.00000500
	 385	313415   	0.1144   	391768   	0.0001730	391768   	0.01019  	783536585	0.00000500
	 386	314228   	0.1097   	392785   	0.0001729	392785   	0.01019  	785569106	0.00000500
	 387	315041   	0.1130   	393801   	0.0001728	393801   	0.01019  	787601626	0.00000500
	 388	315854   	0.1156   	394817   	0.0001727	394817   	0.01018  	789634146	0.00000500
	 389	316667   	0.1116   	395833   	0.0001726	395833   	0.01018  	791666667	0.00000500
	 390	317480   	0.1129   	396850   	0.0001725	396850   	0.01018  	793699187	0.00000500
	 391	318293   	0.1108   	397866   	0.0001724	397866   	0.01017  	795731707	0.00000500
	 392	319106   	0.1116   	398882   	0.0001722	398882   	0.01017  	797764228	0.00000500
	 393	319919   	0.1135   	399898   	0.0001721	399898   	0.01017  	799796748	0.00000500
	 394	320732   	0.1107   	400915   	0.0001720	400915   	0.01017  	801829268	0.00000500
	 395	321545   	0.1149   	401931   	0.0001719	401931   	0.01016  	803861789	0.00000500
	 396	322358   	0.1128   	402947   	0.0001718	402947   	0.01016  	805894309	0.00000500
	 397	323171   	0.1112   	403963   	0.0001717	403963   	0.01016  	807926829	0.00000500
	 398	323984   	0.1139   	404980   	0.0001716	404980   	0.01015  	809959350	0.00000500
	 399	324797   	0.1108   	405996   	0.0001715	405996   	0.01015  	811991870	0.00000500
	 400	325610   	0.1097   	407012   	0.0001714	407012   	0.01015  	814024390	0.00000500
	 401	326423   	0.1092   	408028   	0.0001713	408028   	0.01015  	816056911	0.00000500
	 402	327236   	0.1115   	409045   	0.0001712	409045   	0.01014  	818089431	0.00000500
	 403	328049   	0.1105   	410061   	0.0001711	410061   	0.01014  	820121951	0.00000500
	 404	328862   	0.1127   	411077   	0.0001710	411077   	0.01014  	822154472	0.00000500
	 405	329675   	0.1120   	412093   	0.0001709	412093   	0.01013  	824186992	0.00000500
	 406	330488   	0.1148   	413110   	0.0001708	413110   	0.01013  	826219512	0.00000500
	 407	331301   	0.1100   	414126   	0.0001707	414126   	0.01013  	828252033	0.00000500
	 408	332114   	0.1112   	415142   	0.0001706	415142   	0.01013  	830284553	0.00000500
	 409	332927   	0.1132   	416159   	0.0001705	416159   	0.01012  	832317073	0.00000500
	 410	333740   	0.1168   	417175   	0.0001703	417175   	0.01012  	834349593	0.00000500
	 411	334553   	0.1109   	418191   	0.0001703	418191   	0.01012  	836382114	0.00000500
	 412	335366   	0.1116   	419207   	0.0001702	419207   	0.01012  	838414634	0.00000500
	 413	336179   	0.1138   	420224   	0.0001701	420224   	0.01011  	840447154	0.00000500
	 414	336992   	0.1129   	421240   	0.0001700	421240   	0.01011  	842479675	0.00000500
	 415	337805   	0.1159   	422256   	0.0001699	422256   	0.01011  	844512195	0.00000500
	 416	338618   	0.1103   	423272   	0.0001698	423272   	0.01010  	846544715	0.00000500
	 417	339431   	0.1149   	424289   	0.0001697	424289   	0.01010  	848577236	0.00000500
	 418	340244   	0.1124   	425305   	0.0001696	425305   	0.01010  	850609756	0.00000500
	 419	341057   	0.1142   	426321   	0.0001695	426321   	0.01010  	852642276	0.00000500
	 420	341870   	0.1096   	427337   	0.0001694	427337   	0.01009  	854674797	0.00000500
	 421	342683   	0.1115   	428354   	0.0001693	428354   	0.01009  	856707317	0.00000500
	 422	343496   	0.1085   	429370   	0.0001692	429370   	0.01009  	858739837	0.00000500
	 423	344309   	0.1122   	430386   	0.0001691	430386   	0.01009  	860772358	0.00000500
	 424	345122   	0.1100   	431402   	0.0001690	431402   	0.01008  	862804878	0.00000500
	 425	345935   	0.1112   	432419   	0.0001689	432419   	0.01008  	864837398	0.00000500
	 426	346748   	0.1125   	433435   	0.0001688	433435   	0.01008  	866869919	0.00000500
	 427	347561   	0.1150   	434451   	0.0001687	434451   	0.01008  	868902439	0.00000500
	 428	348374   	0.1148   	435467   	0.0001686	435467   	0.01007  	870934959	0.00000500
	 429	349187   	0.1120   	436484   	0.0001685	436484   	0.01007  	872967480	0.00000500
	 430	350000   	0.1132   	437500   	0.0001685	437500   	0.01007  	875000000	0.00000500
	 431	350813   	0.1126   	438516   	0.0001684	438516   	0.01007  	877032520	0.00000500
	 432	351626   	0.1123   	439533   	0.0001683	439533   	0.01006  	879065041	0.00000500
	 433	352439   	0.1135   	440549   	0.0001682	440549   	0.01006  	881097561	0.00000500
	 434	353252   	0.1118   	441565   	0.0001681	441565   	0.01006  	883130081	0.00000500
	 435	354065   	0.1108   	442581   	0.0001680	442581   	0.01006  	885162602	0.00000500
	 436	354878   	0.1140   	443598   	0.0001679	443598   	0.01005  	887195122	0.00000500
	 437	355691   	0.1136   	444614   	0.0001678	444614   	0.01005  	889227642	0.00000500
	 438	356504   	0.1122   	445630   	0.0001677	445630   	0.01005  	891260163	0.00000500
	 439	357317   	0.1129   	446646   	0.0001677	446646   	0.01005  	893292683	0.00000500
	 440	358130   	0.1158   	447663   	0.0001676	447663   	0.01004  	895325203	0.00000500
	 441	358943   	0.1127   	448679   	0.0001675	448679   	0.01004  	897357724	0.00000500
	 442	359756   	0.1103   	449695   	0.0001674	449695   	0.01004  	899390244	0.00000500
	 443	360569   	0.1137   	450711   	0.0001673	450711   	0.01004  	901422764	0.00000500
	 444	361382   	0.1079   	451728   	0.0001672	451728   	0.01004  	903455285	0.00000500
	 445	362195   	0.1097   	452744   	0.0001671	452744   	0.01003  	905487805	0.00000500
	 446	363008   	0.1130   	453760   	0.0001671	453760   	0.01003  	907520325	0.00000500
	 447	363821   	0.1112   	454776   	0.0001670	454776   	0.01003  	909552846	0.00000500
	 448	364634   	0.1101   	455793   	0.0001669	455793   	0.01003  	911585366	0.00000500
	 449	365447   	0.1085   	456809   	0.0001668	456809   	0.01002  	913617886	0.00000500
	 450	366260   	0.1140   	457825   	0.0001667	457825   	0.01002  	915650407	0.00000500
	 451	367073   	0.1114   	458841   	0.0001667	458841   	0.01002  	917682927	0.00000500
	 452	367886   	0.1091   	459858   	0.0001666	459858   	0.01002  	919715447	0.00000500
	 453	368699   	0.1107   	460874   	0.0001665	460874   	0.01001  	921747967	0.00000500
	 454	369512   	0.1130   	461890   	0.0001664	461890   	0.01001  	923780488	0.00000500
	 455	370325   	0.1121   	462907   	0.0001663	462907   	0.01001  	925813008	0.00000500
	 456	371138   	0.1106   	463923   	0.0001663	463923   	0.01001  	927845528	0.00000500
	 457	371951   	0.1120   	464939   	0.0001662	464939   	0.01001  	929878049	0.00000500
	 458	372764   	0.1101   	465955   	0.0001661	465955   	0.01000  	931910569	0.00000500
	 459	373577   	0.1097   	466972   	0.0001660	466972   	0.01000  	933943089	0.00000500
	 460	374390   	0.1112   	467988   	0.0001659	467988   	0.009999 	935975610	0.00000500
	 461	375203   	0.1116   	469004   	0.0001659	469004   	0.009996 	938008130	0.00000500
	 462	376016   	0.1115   	470020   	0.0001658	470020   	0.009994 	940040650	0.00000500
	 463	376829   	0.1127   	471037   	0.0001657	471037   	0.009992 	942073171	0.00000500
	 464	377642   	0.1159   	472053   	0.0001656	472053   	0.009990 	944105691	0.00000500
	 465	378455   	0.1107   	473069   	0.0001656	473069   	0.009988 	946138211	0.00000500
	 466	379268   	0.1109   	474085   	0.0001655	474085   	0.009986 	948170732	0.00000500
	 467	380081   	0.1137   	475102   	0.0001654	475102   	0.009983 	950203252	0.00000500
	 468	380894   	0.1143   	476118   	0.0001653	476118   	0.009981 	952235772	0.00000500
	 469	381707   	0.1128   	477134   	0.0001653	477134   	0.009979 	954268293	0.00000500
	 470	382520   	0.1112   	478150   	0.0001652	478150   	0.009977 	956300813	0.00000500
	 471	383333   	0.1137   	479167   	0.0001651	479167   	0.009975 	958333333	0.00000500
	 472	384146   	0.1090   	480183   	0.0001650	480183   	0.009973 	960365854	0.00000500
	 473	384959   	0.1116   	481199   	0.0001650	481199   	0.009971 	962398374	0.00000500
	 474	385772   	0.1105   	482215   	0.0001649	482215   	0.009969 	964430894	0.00000500
	 475	386585   	0.1132   	483232   	0.0001648	483232   	0.009967 	966463415	0.00000500
	 476	387398   	0.1106   	484248   	0.0001647	484248   	0.009965 	968495935	0.00000500
	 477	388211   	0.1122   	485264   	0.0001647	485264   	0.009962 	970528455	0.00000500
	 478	389024   	0.1109   	486280   	0.0001646	486280   	0.009960 	972560976	0.00000500
	 479	389837   	0.1123   	487297   	0.0001645	487297   	0.009958 	974593496	0.00000500
	 480	390650   	0.1099   	488313   	0.0001645	488313   	0.009956 	976626016	0.00000500
	 481	391463   	0.1126   	489329   	0.0001644	489329   	0.009954 	978658537	0.00000500
	 482	392276   	0.1127   	490346   	0.0001643	490346   	0.009952 	980691057	0.00000500
	 483	393089   	0.1129   	491362   	0.0001642	491362   	0.009950 	982723577	0.00000500
	 484	393902   	0.1120   	492378   	0.0001642	492378   	0.009948 	984756098	0.00000500
	 485	394715   	0.1113   	493394   	0.0001641	493394   	0.009946 	986788618	0.00000500
	 486	395528   	0.1117   	494411   	0.0001640	494411   	0.009944 	988821138	0.00000500
	 487	396341   	0.1162   	495427   	0.0001640	495427   	0.009942 	990853659	0.00000500
	 488	397154   	0.1107   	496443   	0.0001639	496443   	0.009940 	992886179	0.00000500
	 489	397967   	0.1095   	497459   	0.0001638	497459   	0.009938 	994918699	0.00000500
	 490	398780   	0.1130   	498476   	0.0001638	498476   	0.009936 	996951220	0.00000500
	 491	399593   	0.1124   	499492   	0.0001637	499492   	0.009934 	998983740	0.00000500
	 492	400407   	0.1113   	500508   	0.0001636	500508   	0.009933 	1e+09    	0.00000500
	 493	401220   	0.1134   	501524   	0.0001636	501524   	0.009931 	1e+09    	0.00000500
	 494	402033   	0.1128   	502541   	0.0001635	502541   	0.009929 	1e+09    	0.00000500
	 495	402846   	0.1123   	503557   	0.0001634	503557   	0.009927 	1e+09    	0.00000500
	 496	403659   	0.1148   	504573   	0.0001634	504573   	0.009925 	1e+09    	0.00000500
	 497	404472   	0.1129   	505589   	0.0001633	505589   	0.009923 	1e+09    	0.00000500
	 498	405285   	0.1102   	506606   	0.0001632	506606   	0.009921 	1e+09    	0.00000500
	 499	406098   	0.1118   	507622   	0.0001632	507622   	0.009919 	1e+09    	0.00000500
	 500	406911   	0.1124   	508638   	0.0001631	508638   	0.009917 	1e+09    	0.00000500
	 501	407724   	0.1134   	509654   	0.0001630	509654   	0.009915 	1e+09    	0.00000500
	 502	408537   	0.1119   	510671   	0.0001630	510671   	0.009914 	1e+09    	0.00000500
	 503	409350   	0.1105   	511687   	0.0001629	511687   	0.009912 	1e+09    	0.00000500
	 504	410163   	0.1128   	512703   	0.0001628	512703   	0.009910 	1e+09    	0.00000500
	 505	410976   	0.1118   	513720   	0.0001628	513720   	0.009908 	1e+09    	0.00000500
	 506	411789   	0.1139   	514736   	0.0001627	514736   	0.009906 	1e+09    	0.00000500
	 507	412602   	0.1128   	515752   	0.0001627	515752   	0.009904 	1e+09    	0.00000500
	 508	413415   	0.1118   	516768   	0.0001626	516768   	0.009902 	1e+09    	0.00000500
	 509	414228   	0.1131   	517785   	0.0001625	517785   	0.009901 	1e+09    	0.00000500
	 510	415041   	0.1130   	518801   	0.0001625	518801   	0.009899 	1e+09    	0.00000500
	 511	415854   	0.1124   	519817   	0.0001624	519817   	0.009897 	1e+09    	0.00000500
	 512	416667   	0.1129   	520833   	0.0001624	520833   	0.009895 	1e+09    	0.00000500
	 513	417480   	0.1143   	521850   	0.0001623	521850   	0.009893 	1e+09    	0.00000500
	 514	418293   	0.1108   	522866   	0.0001622	522866   	0.009892 	1e+09    	0.00000500
	 515	419106   	0.1114   	523882   	0.0001622	523882   	0.009890 	1e+09    	0.00000500
	 516	419919   	0.1151   	524898   	0.0001621	524898   	0.009888 	1e+09    	0.00000500
	 517	420732   	0.1126   	525915   	0.0001620	525915   	0.009886 	1e+09    	0.00000500
	 518	421545   	0.1096   	526931   	0.0001620	526931   	0.009885 	1e+09    	0.00000500
	 519	422358   	0.1111   	527947   	0.0001619	527947   	0.009883 	1e+09    	0.00000500
	 520	423171   	0.1148   	528963   	0.0001619	528963   	0.009881 	1e+09    	0.00000500
	 521	423984   	0.1160   	529980   	0.0001618	529980   	0.009879 	1e+09    	0.00000500
	 522	424797   	0.1124   	530996   	0.0001618	530996   	0.009878 	1e+09    	0.00000500
	 523	425610   	0.1149   	532012   	0.0001617	532012   	0.009876 	1e+09    	0.00000500
	 524	426423   	0.1147   	533028   	0.0001616	533028   	0.009874 	1e+09    	0.00000500
	 525	427236   	0.1157   	534045   	0.0001616	534045   	0.009872 	1e+09    	0.00000500
	 526	428049   	0.1144   	535061   	0.0001615	535061   	0.009871 	1e+09    	0.00000500
	 527	428862   	0.1155   	536077   	0.0001615	536077   	0.009869 	1e+09    	0.00000500
	 528	429675   	0.1110   	537093   	0.0001614	537093   	0.009867 	1e+09    	0.00000500
	 529	430488   	0.1153   	538110   	0.0001613	538110   	0.009866 	1e+09    	0.00000500
	 530	431301   	0.1137   	539126   	0.0001613	539126   	0.009864 	1e+09    	0.00000500
	 531	432114   	0.1130   	540142   	0.0001612	540142   	0.009862 	1e+09    	0.00000500
	 532	432927   	0.1163   	541159   	0.0001612	541159   	0.009861 	1e+09    	0.00000500
	 533	433740   	0.1137   	542175   	0.0001611	542175   	0.009859 	1e+09    	0.00000500
	 534	434553   	0.1149   	543191   	0.0001611	543191   	0.009857 	1e+09    	0.00000500
	 535	435366   	0.1147   	544207   	0.0001610	544207   	0.009856 	1e+09    	0.00000500
	 536	436179   	0.1113   	545224   	0.0001610	545224   	0.009854 	1e+09    	0.00000500
	 537	436992   	0.1119   	546240   	0.0001609	546240   	0.009852 	1e+09    	0.00000500
	 538	437805   	0.1129   	547256   	0.0001608	547256   	0.009851 	1e+09    	0.00000500
	 539	438618   	0.1133   	548272   	0.0001608	548272   	0.009849 	1e+09    	0.00000500
	 540	439431   	0.1115   	549289   	0.0001607	549289   	0.009848 	1e+09    	0.00000500
	 541	440244   	0.1131   	550305   	0.0001607	550305   	0.009846 	1e+09    	0.00000500
	 542	441057   	0.1117   	551321   	0.0001606	551321   	0.009844 	1e+09    	0.00000500
	 543	441870   	0.1139   	552337   	0.0001606	552337   	0.009843 	1e+09    	0.00000500
	 544	442683   	0.1121   	553354   	0.0001605	553354   	0.009841 	1e+09    	0.00000500
	 545	443496   	0.1120   	554370   	0.0001605	554370   	0.009840 	1e+09    	0.00000500
	 546	444309   	0.1124   	555386   	0.0001604	555386   	0.009838 	1e+09    	0.00000500
	 547	445122   	0.1143   	556402   	0.0001604	556402   	0.009836 	1e+09    	0.00000500
	 548	445935   	0.1138   	557419   	0.0001603	557419   	0.009835 	1e+09    	0.00000500
	 549	446748   	0.1135   	558435   	0.0001603	558435   	0.009833 	1e+09    	0.00000500
	 550	447561   	0.1103   	559451   	0.0001602	559451   	0.009832 	1e+09    	0.00000500
	 551	448374   	0.1171   	560467   	0.0001602	560467   	0.009830 	1e+09    	0.00000500
	 552	449187   	0.1090   	561484   	0.0001601	561484   	0.009829 	1e+09    	0.00000500
	 553	450000   	0.1142   	562500   	0.0001601	562500   	0.009827 	1e+09    	0.00000500
	 554	450813   	0.1146   	563516   	0.0001600	563516   	0.009825 	1e+09    	0.00000500
	 555	451626   	0.1120   	564533   	0.0001599	564533   	0.009824 	1e+09    	0.00000500
	 556	452439   	0.1127   	565549   	0.0001599	565549   	0.009822 	1e+09    	0.00000500
	 557	453252   	0.1124   	566565   	0.0001598	566565   	0.009821 	1e+09    	0.00000500
	 558	454065   	0.1116   	567581   	0.0001598	567581   	0.009819 	1e+09    	0.00000500
	 559	454878   	0.1096   	568598   	0.0001597	568598   	0.009818 	1e+09    	0.00000500
	 560	455691   	0.1126   	569614   	0.0001597	569614   	0.009816 	1e+09    	0.00000500
	 561	456504   	0.1102   	570630   	0.0001596	570630   	0.009815 	1e+09    	0.00000500
	 562	457317   	0.1109   	571646   	0.0001596	571646   	0.009813 	1e+09    	0.00000500
	 563	458130   	0.1106   	572663   	0.0001595	572663   	0.009812 	1e+09    	0.00000500
	 564	458943   	0.1133   	573679   	0.0001595	573679   	0.009810 	1e+09    	0.00000500
	 565	459756   	0.1140   	574695   	0.0001594	574695   	0.009809 	1e+09    	0.00000500
	 566	460569   	0.1114   	575711   	0.0001594	575711   	0.009807 	1e+09    	0.00000500
	 567	461382   	0.1139   	576728   	0.0001594	576728   	0.009806 	1e+09    	0.00000500
	 568	462195   	0.1124   	577744   	0.0001593	577744   	0.009805 	1e+09    	0.00000500
	 569	463008   	0.1132   	578760   	0.0001593	578760   	0.009803 	1e+09    	0.00000500
	 570	463821   	0.1119   	579776   	0.0001592	579776   	0.009802 	1e+09    	0.00000500
	 571	464634   	0.1109   	580793   	0.0001592	580793   	0.009800 	1e+09    	0.00000500
	 572	465447   	0.1109   	581809   	0.0001591	581809   	0.009799 	1e+09    	0.00000500
	 573	466260   	0.1128   	582825   	0.0001591	582825   	0.009797 	1e+09    	0.00000500
	 574	467073   	0.1125   	583841   	0.0001590	583841   	0.009796 	1e+09    	0.00000500
	 575	467886   	0.1141   	584858   	0.0001590	584858   	0.009794 	1e+09    	0.00000500
	 576	468699   	0.1128   	585874   	0.0001589	585874   	0.009793 	1e+09    	0.00000500
	 577	469512   	0.1140   	586890   	0.0001589	586890   	0.009792 	1e+09    	0.00000500
	 578	470325   	0.1128   	587907   	0.0001588	587907   	0.009790 	1e+09    	0.00000500
	 579	471138   	0.1140   	588923   	0.0001588	588923   	0.009789 	1e+09    	0.00000500
	 580	471951   	0.1133   	589939   	0.0001587	589939   	0.009787 	1e+09    	0.00000500
	 581	472764   	0.1136   	590955   	0.0001587	590955   	0.009786 	1e+09    	0.00000500
	 582	473577   	0.1124   	591972   	0.0001586	591972   	0.009785 	1e+09    	0.00000500
	 583	474390   	0.1110   	592988   	0.0001586	592988   	0.009783 	1e+09    	0.00000500
	 584	475203   	0.1112   	594004   	0.0001586	594004   	0.009782 	1e+09    	0.00000500
	 585	476016   	0.1122   	595020   	0.0001585	595020   	0.009780 	1e+09    	0.00000500
	 586	476829   	0.1132   	596037   	0.0001585	596037   	0.009779 	1e+09    	0.00000500
	 587	477642   	0.1123   	597053   	0.0001584	597053   	0.009778 	1e+09    	0.00000500
	 588	478455   	0.1149   	598069   	0.0001584	598069   	0.009776 	1e+09    	0.00000500
	 589	479268   	0.1134   	599085   	0.0001583	599085   	0.009775 	1e+09    	0.00000500
	 590	480081   	0.1113   	600102   	0.0001583	600102   	0.009774 	1e+09    	0.00000500
	 591	480894   	0.1151   	601118   	0.0001582	601118   	0.009772 	1e+09    	0.00000500
	 592	481707   	0.1135   	602134   	0.0001582	602134   	0.009771 	1e+09    	0.00000500
	 593	482520   	0.1137   	603150   	0.0001581	603150   	0.009770 	1e+09    	0.00000500
	 594	483333   	0.1131   	604167   	0.0001581	604167   	0.009768 	1e+09    	0.00000500
	 595	484146   	0.1107   	605183   	0.0001581	605183   	0.009767 	1e+09    	0.00000500
	 596	484959   	0.1122   	606199   	0.0001580	606199   	0.009766 	1e+09    	0.00000500
	 597	485772   	0.1133   	607215   	0.0001580	607215   	0.009764 	1e+09    	0.00000500
	 598	486585   	0.1140   	608232   	0.0001579	608232   	0.009763 	1e+09    	0.00000500
	 599	487398   	0.1151   	609248   	0.0001579	609248   	0.009762 	1e+09    	0.00000500
	 600	488211   	0.1131   	610264   	0.0001578	610264   	0.009760 	1e+09    	0.00000500
	 601	489024   	0.1094   	611280   	0.0001578	611280   	0.009759 	1e+09    	0.00000500
	 602	489837   	0.1162   	612297   	0.0001578	612297   	0.009758 	1e+09    	0.00000500
	 603	490650   	0.1128   	613313   	0.0001577	613313   	0.009756 	1e+09    	0.00000500
	 604	491463   	0.1104   	614329   	0.0001577	614329   	0.009755 	1e+09    	0.00000500
	 605	492276   	0.1118   	615346   	0.0001576	615346   	0.009754 	1e+09    	0.00000500
	 606	493089   	0.1101   	616362   	0.0001576	616362   	0.009753 	1e+09    	0.00000500
	 607	493902   	0.1142   	617378   	0.0001575	617378   	0.009751 	1e+09    	0.00000500
	 608	494715   	0.1131   	618394   	0.0001575	618394   	0.009750 	1e+09    	0.00000500
	 609	495528   	0.1139   	619411   	0.0001575	619411   	0.009749 	1e+09    	0.00000500
	 610	496341   	0.1105   	620427   	0.0001574	620427   	0.009748 	1e+09    	0.00000500
	 611	497154   	0.1116   	621443   	0.0001574	621443   	0.009746 	1e+09    	0.00000500
	 612	497967   	0.1161   	622459   	0.0001573	622459   	0.009745 	1e+09    	0.00000500
	 613	498780   	0.1113   	623476   	0.0001573	623476   	0.009744 	1e+09    	0.00000500
	 614	499593   	0.1126   	624492   	0.0001573	624492   	0.009743 	1e+09    	0.00000500
	 615	500407   	0.1144   	625508   	0.0001572	625508   	0.009741 	1e+09    	0.00000500
	 616	501220   	0.1110   	626524   	0.0001572	626524   	0.009740 	1e+09    	0.00000500
	 617	502033   	0.1114   	627541   	0.0001571	627541   	0.009739 	1e+09    	0.00000500
	 618	502846   	0.1095   	628557   	0.0001571	628557   	0.009738 	1e+09    	0.00000500
	 619	503659   	0.1094   	629573   	0.0001571	629573   	0.009736 	1e+09    	0.00000500
	 620	504472   	0.1137   	630589   	0.0001570	630589   	0.009735 	1e+09    	0.00000500
	 621	505285   	0.1087   	631606   	0.0001570	631606   	0.009734 	1e+09    	0.00000500
	 622	506098   	0.1149   	632622   	0.0001569	632622   	0.009733 	1e+09    	0.00000500
	 623	506911   	0.1128   	633638   	0.0001569	633638   	0.009732 	1e+09    	0.00000500
	 624	507724   	0.1090   	634654   	0.0001569	634654   	0.009730 	1e+09    	0.00000500
	 625	508537   	0.1155   	635671   	0.0001568	635671   	0.009729 	1e+09    	0.00000500
	 626	509350   	0.1151   	636687   	0.0001568	636687   	0.009728 	1e+09    	0.00000500
	 627	510163   	0.1132   	637703   	0.0001567	637703   	0.009727 	1e+09    	0.00000500
	 628	510976   	0.1132   	638720   	0.0001567	638720   	0.009726 	1e+09    	0.00000500
	 629	511789   	0.1164   	639736   	0.0001567	639736   	0.009724 	1e+09    	0.00000500
	 630	512602   	0.1121   	640752   	0.0001566	640752   	0.009723 	1e+09    	0.00000500
	 631	513415   	0.1145   	641768   	0.0001566	641768   	0.009722 	1e+09    	0.00000500
	 632	514228   	0.1148   	642785   	0.0001566	642785   	0.009721 	1e+09    	0.00000500
	 633	515041   	0.1103   	643801   	0.0001565	643801   	0.009720 	1e+09    	0.00000500
	 634	515854   	0.1158   	644817   	0.0001565	644817   	0.009718 	1e+09    	0.00000500
	 635	516667   	0.1111   	645833   	0.0001564	645833   	0.009717 	1e+09    	0.00000500
	 636	517480   	0.1086   	646850   	0.0001564	646850   	0.009716 	1e+09    	0.00000500
	 637	518293   	0.1141   	647866   	0.0001564	647866   	0.009715 	1e+09    	0.00000500
	 638	519106   	0.1136   	648882   	0.0001563	648882   	0.009714 	1e+09    	0.00000500
	 639	519919   	0.1137   	649898   	0.0001563	649898   	0.009713 	1e+09    	0.00000500
	 640	520732   	0.1133   	650915   	0.0001563	650915   	0.009712 	1e+09    	0.00000500
	 641	521545   	0.1130   	651931   	0.0001562	651931   	0.009710 	1e+09    	0.00000500
	 642	522358   	0.1113   	652947   	0.0001562	652947   	0.009709 	1e+09    	0.00000500
	 643	523171   	0.1126   	653963   	0.0001561	653963   	0.009708 	1e+09    	0.00000500
	 644	523984   	0.1113   	654980   	0.0001561	654980   	0.009707 	1e+09    	0.00000500
	 645	524797   	0.1116   	655996   	0.0001561	655996   	0.009706 	1e+09    	0.00000500
	 646	525610   	0.1119   	657012   	0.0001560	657012   	0.009705 	1e+09    	0.00000500
	 647	526423   	0.1103   	658028   	0.0001560	658028   	0.009704 	1e+09    	0.00000500
	 648	527236   	0.1127   	659045   	0.0001560	659045   	0.009703 	1e+09    	0.00000500
	 649	528049   	0.1165   	660061   	0.0001559	660061   	0.009701 	1e+09    	0.00000500
	 650	528862   	0.1110   	661077   	0.0001559	661077   	0.009700 	1e+09    	0.00000500
	 651	529675   	0.1090   	662093   	0.0001559	662093   	0.009699 	1e+09    	0.00000500
	 652	530488   	0.1107   	663110   	0.0001558	663110   	0.009698 	1e+09    	0.00000500
	 653	531301   	0.1125   	664126   	0.0001558	664126   	0.009697 	1e+09    	0.00000500
	 654	532114   	0.1111   	665142   	0.0001557	665142   	0.009696 	1e+09    	0.00000500
	 655	532927   	0.1100   	666159   	0.0001557	666159   	0.009695 	1e+09    	0.00000500
	 656	533740   	0.1147   	667175   	0.0001557	667175   	0.009694 	1e+09    	0.00000500
	 657	534553   	0.1146   	668191   	0.0001556	668191   	0.009693 	1e+09    	0.00000500
	 658	535366   	0.1145   	669207   	0.0001556	669207   	0.009692 	1e+09    	0.00000500
	 659	536179   	0.1113   	670224   	0.0001556	670224   	0.009691 	1e+09    	0.00000500
	 660	536992   	0.1111   	671240   	0.0001555	671240   	0.009690 	1e+09    	0.00000500
	 661	537805   	0.1167   	672256   	0.0001555	672256   	0.009688 	1e+09    	0.00000500
	 662	538618   	0.1148   	673272   	0.0001555	673272   	0.009687 	1e+09    	0.00000500
	 663	539431   	0.1118   	674289   	0.0001554	674289   	0.009686 	1e+09    	0.00000500
	 664	540244   	0.1158   	675305   	0.0001554	675305   	0.009685 	1e+09    	0.00000500
	 665	541057   	0.1096   	676321   	0.0001554	676321   	0.009684 	1e+09    	0.00000500
	 666	541870   	0.1140   	677337   	0.0001553	677337   	0.009683 	1e+09    	0.00000500
	 667	542683   	0.1107   	678354   	0.0001553	678354   	0.009682 	1e+09    	0.00000500
	 668	543496   	0.1168   	679370   	0.0001553	679370   	0.009681 	1e+09    	0.00000500
	 669	544309   	0.1165   	680386   	0.0001552	680386   	0.009680 	1e+09    	0.00000500
	 670	545122   	0.1123   	681402   	0.0001552	681402   	0.009679 	1e+09    	0.00000500
	 671	545935   	0.1079   	682419   	0.0001552	682419   	0.009678 	1e+09    	0.00000500
	 672	546748   	0.1096   	683435   	0.0001551	683435   	0.009677 	1e+09    	0.00000500
	 673	547561   	0.1112   	684451   	0.0001551	684451   	0.009676 	1e+09    	0.00000500
	 674	548374   	0.1091   	685467   	0.0001551	685467   	0.009675 	1e+09    	0.00000500
	 675	549187   	0.1104   	686484   	0.0001550	686484   	0.009674 	1e+09    	0.00000500
	 676	550000   	0.1110   	687500   	0.0001550	687500   	0.009673 	1e+09    	0.00000500
	 677	550813   	0.1131   	688516   	0.0001550	688516   	0.009672 	1e+09    	0.00000500
	 678	551626   	0.1122   	689533   	0.0001549	689533   	0.009671 	1e+09    	0.00000500
	 679	552439   	0.1130   	690549   	0.0001549	690549   	0.009670 	1e+09    	0.00000500
	 680	553252   	0.1150   	691565   	0.0001549	691565   	0.009669 	1e+09    	0.00000500
	 681	554065   	0.1100   	692581   	0.0001548	692581   	0.009668 	1e+09    	0.00000500
	 682	554878   	0.1146   	693598   	0.0001548	693598   	0.009667 	1e+09    	0.00000500
	 683	555691   	0.1112   	694614   	0.0001548	694614   	0.009666 	1e+09    	0.00000500
	 684	556504   	0.1104   	695630   	0.0001547	695630   	0.009665 	1e+09    	0.00000500
	 685	557317   	0.1120   	696646   	0.0001547	696646   	0.009664 	1e+09    	0.00000500
	 686	558130   	0.1145   	697663   	0.0001547	697663   	0.009663 	1e+09    	0.00000500
	 687	558943   	0.1139   	698679   	0.0001546	698679   	0.009662 	1e+09    	0.00000500
	 688	559756   	0.1115   	699695   	0.0001546	699695   	0.009661 	1e+09    	0.00000500
	 689	560569   	0.1124   	700711   	0.0001546	700711   	0.009660 	1e+09    	0.00000500
	 690	561382   	0.1128   	701728   	0.0001545	701728   	0.009659 	1e+09    	0.00000500
	 691	562195   	0.1136   	702744   	0.0001545	702744   	0.009658 	1e+09    	0.00000500
	 692	563008   	0.1129   	703760   	0.0001545	703760   	0.009657 	1e+09    	0.00000500
	 693	563821   	0.1121   	704776   	0.0001545	704776   	0.009656 	1e+09    	0.00000500
	 694	564634   	0.1123   	705793   	0.0001544	705793   	0.009655 	1e+09    	0.00000500
	 695	565447   	0.1144   	706809   	0.0001544	706809   	0.009654 	1e+09    	0.00000500
	 696	566260   	0.1150   	707825   	0.0001544	707825   	0.009653 	1e+09    	0.00000500
	 697	567073   	0.1119   	708841   	0.0001543	708841   	0.009652 	1e+09    	0.00000500
	 698	567886   	0.1136   	709858   	0.0001543	709858   	0.009651 	1e+09    	0.00000500
	 699	568699   	0.1117   	710874   	0.0001543	710874   	0.009650 	1e+09    	0.00000500
	 700	569512   	0.1095   	711890   	0.0001542	711890   	0.009650 	1e+09    	0.00000500
	 701	570325   	0.1116   	712907   	0.0001542	712907   	0.009649 	1e+09    	0.00000500
	 702	571138   	0.1125   	713923   	0.0001542	713923   	0.009648 	1e+09    	0.00000500
	 703	571951   	0.1161   	714939   	0.0001541	714939   	0.009647 	1e+09    	0.00000500
	 704	572764   	0.1135   	715955   	0.0001541	715955   	0.009646 	1e+09    	0.00000500
	 705	573577   	0.1120   	716972   	0.0001541	716972   	0.009645 	1e+09    	0.00000500
	 706	574390   	0.1156   	717988   	0.0001541	717988   	0.009644 	1e+09    	0.00000500
	 707	575203   	0.1109   	719004   	0.0001540	719004   	0.009643 	1e+09    	0.00000500
	 708	576016   	0.1125   	720020   	0.0001540	720020   	0.009642 	1e+09    	0.00000500
	 709	576829   	0.1115   	721037   	0.0001540	721037   	0.009641 	1e+09    	0.00000500
	 710	577642   	0.1119   	722053   	0.0001539	722053   	0.009640 	1e+09    	0.00000500
	 711	578455   	0.1112   	723069   	0.0001539	723069   	0.009639 	1e+09    	0.00000500
	 712	579268   	0.1126   	724085   	0.0001539	724085   	0.009638 	1e+09    	0.00000500
	 713	580081   	0.1139   	725102   	0.0001539	725102   	0.009638 	1e+09    	0.00000500
	 714	580894   	0.1130   	726118   	0.0001538	726118   	0.009637 	1e+09    	0.00000500
	 715	581707   	0.1133   	727134   	0.0001538	727134   	0.009636 	1e+09    	0.00000500
	 716	582520   	0.1125   	728150   	0.0001538	728150   	0.009635 	1e+09    	0.00000500
	 717	583333   	0.1128   	729167   	0.0001537	729167   	0.009634 	1e+09    	0.00000500
	 718	584146   	0.1135   	730183   	0.0001537	730183   	0.009633 	1e+09    	0.00000500
	 719	584959   	0.1123   	731199   	0.0001537	731199   	0.009632 	1e+09    	0.00000500
	 720	585772   	0.1108   	732215   	0.0001537	732215   	0.009631 	1e+09    	0.00000500
	 721	586585   	0.1151   	733232   	0.0001536	733232   	0.009630 	1e+09    	0.00000500
	 722	587398   	0.1133   	734248   	0.0001536	734248   	0.009630 	1e+09    	0.00000500
	 723	588211   	0.1105   	735264   	0.0001536	735264   	0.009629 	1e+09    	0.00000500
	 724	589024   	0.1102   	736280   	0.0001535	736280   	0.009628 	1e+09    	0.00000500
	 725	589837   	0.1138   	737297   	0.0001535	737297   	0.009627 	1e+09    	0.00000500
	 726	590650   	0.1104   	738313   	0.0001535	738313   	0.009626 	1e+09    	0.00000500
	 727	591463   	0.1153   	739329   	0.0001535	739329   	0.009625 	1e+09    	0.00000500
	 728	592276   	0.1154   	740346   	0.0001534	740346   	0.009624 	1e+09    	0.00000500
	 729	593089   	0.1114   	741362   	0.0001534	741362   	0.009624 	1e+09    	0.00000500
	 730	593902   	0.1105   	742378   	0.0001534	742378   	0.009623 	1e+09    	0.00000500
	 731	594715   	0.1151   	743394   	0.0001533	743394   	0.009622 	1e+09    	0.00000500
	 732	595528   	0.1109   	744411   	0.0001533	744411   	0.009621 	1e+09    	0.00000500
	 733	596341   	0.1119   	745427   	0.0001533	745427   	0.009620 	1e+09    	0.00000500
	 734	597154   	0.1145   	746443   	0.0001533	746443   	0.009619 	1e+09    	0.00000500
	 735	597967   	0.1113   	747459   	0.0001532	747459   	0.009618 	1e+09    	0.00000500
	 736	598780   	0.1109   	748476   	0.0001532	748476   	0.009618 	1e+09    	0.00000500
	 737	599593   	0.1136   	749492   	0.0001532	749492   	0.009617 	1e+09    	0.00000500
	 738	600407   	0.1118   	750508   	0.0001532	750508   	0.009616 	2e+09    	0.00000500
	 739	601220   	0.1105   	751524   	0.0001531	751524   	0.009615 	2e+09    	0.00000500
	 740	602033   	0.1164   	752541   	0.0001531	752541   	0.009614 	2e+09    	0.00000500
	 741	602846   	0.1118   	753557   	0.0001531	753557   	0.009613 	2e+09    	0.00000500
	 742	603659   	0.1115   	754573   	0.0001530	754573   	0.009613 	2e+09    	0.00000500
	 743	604472   	0.1132   	755589   	0.0001530	755589   	0.009612 	2e+09    	0.00000500
	 744	605285   	0.1144   	756606   	0.0001530	756606   	0.009611 	2e+09    	0.00000500
	 745	606098   	0.1121   	757622   	0.0001530	757622   	0.009610 	2e+09    	0.00000500
	 746	606911   	0.1138   	758638   	0.0001529	758638   	0.009609 	2e+09    	0.00000500
	 747	607724   	0.1134   	759654   	0.0001529	759654   	0.009608 	2e+09    	0.00000500
	 748	608537   	0.1124   	760671   	0.0001529	760671   	0.009608 	2e+09    	0.00000500
	 749	609350   	0.1148   	761687   	0.0001529	761687   	0.009607 	2e+09    	0.00000500
	 750	610163   	0.1106   	762703   	0.0001528	762703   	0.009606 	2e+09    	0.00000500
	 751	610976   	0.1094   	763720   	0.0001528	763720   	0.009605 	2e+09    	0.00000500
	 752	611789   	0.1113   	764736   	0.0001528	764736   	0.009604 	2e+09    	0.00000500
	 753	612602   	0.1142   	765752   	0.0001528	765752   	0.009604 	2e+09    	0.00000500
	 754	613415   	0.1118   	766768   	0.0001527	766768   	0.009603 	2e+09    	0.00000500
	 755	614228   	0.1097   	767785   	0.0001527	767785   	0.009602 	2e+09    	0.00000500
	 756	615041   	0.1134   	768801   	0.0001527	768801   	0.009601 	2e+09    	0.00000500
	 757	615854   	0.1138   	769817   	0.0001527	769817   	0.009600 	2e+09    	0.00000500
	 758	616667   	0.1109   	770833   	0.0001526	770833   	0.009600 	2e+09    	0.00000500
	 759	617480   	0.1160   	771850   	0.0001526	771850   	0.009599 	2e+09    	0.00000500
	 760	618293   	0.1128   	772866   	0.0001526	772866   	0.009598 	2e+09    	0.00000500
	 761	619106   	0.1093   	773882   	0.0001526	773882   	0.009597 	2e+09    	0.00000500
	 762	619919   	0.1122   	774898   	0.0001525	774898   	0.009597 	2e+09    	0.00000500
	 763	620732   	0.1116   	775915   	0.0001525	775915   	0.009596 	2e+09    	0.00000500
	 764	621545   	0.1115   	776931   	0.0001525	776931   	0.009595 	2e+09    	0.00000500
	 765	622358   	0.1114   	777947   	0.0001525	777947   	0.009594 	2e+09    	0.00000500
	 766	623171   	0.1130   	778963   	0.0001524	778963   	0.009593 	2e+09    	0.00000500
	 767	623984   	0.1115   	779980   	0.0001524	779980   	0.009593 	2e+09    	0.00000500
	 768	624797   	0.1126   	780996   	0.0001524	780996   	0.009592 	2e+09    	0.00000500
	 769	625610   	0.1102   	782012   	0.0001524	782012   	0.009591 	2e+09    	0.00000500
	 770	626423   	0.1112   	783028   	0.0001523	783028   	0.009590 	2e+09    	0.00000500
	 771	627236   	0.1136   	784045   	0.0001523	784045   	0.009590 	2e+09    	0.00000500
	 772	628049   	0.1132   	785061   	0.0001523	785061   	0.009589 	2e+09    	0.00000500
	 773	628862   	0.1141   	786077   	0.0001523	786077   	0.009588 	2e+09    	0.00000500
	 774	629675   	0.1167   	787093   	0.0001522	787093   	0.009587 	2e+09    	0.00000500
	 775	630488   	0.1140   	788110   	0.0001522	788110   	0.009587 	2e+09    	0.00000500
	 776	631301   	0.1146   	789126   	0.0001522	789126   	0.009586 	2e+09    	0.00000500
	 777	632114   	0.1130   	790142   	0.0001522	790142   	0.009585 	2e+09    	0.00000500
	 778	632927   	0.1093   	791159   	0.0001521	791159   	0.009584 	2e+09    	0.00000500
	 779	633740   	0.1130   	792175   	0.0001521	792175   	0.009584 	2e+09    	0.00000500
	 780	634553   	0.1133   	793191   	0.0001521	793191   	0.009583 	2e+09    	0.00000500
	 781	635366   	0.1120   	794207   	0.0001521	794207   	0.009582 	2e+09    	0.00000500
	 782	636179   	0.1139   	795224   	0.0001520	795224   	0.009581 	2e+09    	0.00000500
	 783	636992   	0.1151   	796240   	0.0001520	796240   	0.009581 	2e+09    	0.00000500
	 784	637805   	0.1106   	797256   	0.0001520	797256   	0.009580 	2e+09    	0.00000500
	 785	638618   	0.1139   	798272   	0.0001520	798272   	0.009579 	2e+09    	0.00000500
	 786	639431   	0.1147   	799289   	0.0001519	799289   	0.009579 	2e+09    	0.00000500
	 787	640244   	0.1154   	800305   	0.0001519	800305   	0.009578 	2e+09    	0.00000500
	 788	641057   	0.1106   	801321   	0.0001519	801321   	0.009577 	2e+09    	0.00000500
	 789	641870   	0.1085   	802337   	0.0001519	802337   	0.009576 	2e+09    	0.00000500
	 790	642683   	0.1104   	803354   	0.0001518	803354   	0.009576 	2e+09    	0.00000500
	 791	643496   	0.1100   	804370   	0.0001518	804370   	0.009575 	2e+09    	0.00000500
	 792	644309   	0.1121   	805386   	0.0001518	805386   	0.009574 	2e+09    	0.00000500
	 793	645122   	0.1141   	806402   	0.0001518	806402   	0.009574 	2e+09    	0.00000500
	 794	645935   	0.1116   	807419   	0.0001518	807419   	0.009573 	2e+09    	0.00000500
	 795	646748   	0.1124   	808435   	0.0001517	808435   	0.009572 	2e+09    	0.00000500
	 796	647561   	0.1127   	809451   	0.0001517	809451   	0.009571 	2e+09    	0.00000500
	 797	648374   	0.1161   	810467   	0.0001517	810467   	0.009571 	2e+09    	0.00000500
	 798	649187   	0.1122   	811484   	0.0001517	811484   	0.009570 	2e+09    	0.00000500
	 799	650000   	0.1120   	812500   	0.0001516	812500   	0.009569 	2e+09    	0.00000500
	 800	650813   	0.1144   	813516   	0.0001516	813516   	0.009569 	2e+09    	0.00000500
	 801	651626   	0.1102   	814533   	0.0001516	814533   	0.009568 	2e+09    	0.00000500
	 802	652439   	0.1126   	815549   	0.0001516	815549   	0.009567 	2e+09    	0.00000500
	 803	653252   	0.1112   	816565   	0.0001515	816565   	0.009567 	2e+09    	0.00000500
	 804	654065   	0.1130   	817581   	0.0001515	817581   	0.009566 	2e+09    	0.00000500
	 805	654878   	0.1117   	818598   	0.0001515	818598   	0.009565 	2e+09    	0.00000500
	 806	655691   	0.1079   	819614   	0.0001515	819614   	0.009565 	2e+09    	0.00000500
	 807	656504   	0.1085   	820630   	0.0001515	820630   	0.009564 	2e+09    	0.00000500
	 808	657317   	0.1093   	821646   	0.0001514	821646   	0.009563 	2e+09    	0.00000500
	 809	658130   	0.1097   	822663   	0.0001514	822663   	0.009562 	2e+09    	0.00000500
	 810	658943   	0.1128   	823679   	0.0001514	823679   	0.009562 	2e+09    	0.00000500
	 811	659756   	0.1116   	824695   	0.0001514	824695   	0.009561 	2e+09    	0.00000500
	 812	660569   	0.1119   	825711   	0.0001513	825711   	0.009560 	2e+09    	0.00000500
	 813	661382   	0.1107   	826728   	0.0001513	826728   	0.009560 	2e+09    	0.00000500
	 814	662195   	0.1118   	827744   	0.0001513	827744   	0.009559 	2e+09    	0.00000500
	 815	663008   	0.1142   	828760   	0.0001513	828760   	0.009558 	2e+09    	0.00000500
	 816	663821   	0.1137   	829776   	0.0001513	829776   	0.009558 	2e+09    	0.00000500
	 817	664634   	0.1097   	830793   	0.0001512	830793   	0.009557 	2e+09    	0.00000500
	 818	665447   	0.1147   	831809   	0.0001512	831809   	0.009556 	2e+09    	0.00000500
	 819	666260   	0.1143   	832825   	0.0001512	832825   	0.009556 	2e+09    	0.00000500
	 820	667073   	0.1123   	833841   	0.0001512	833841   	0.009555 	2e+09    	0.00000500
	 821	667886   	0.1124   	834858   	0.0001512	834858   	0.009554 	2e+09    	0.00000500
	 822	668699   	0.1092   	835874   	0.0001511	835874   	0.009554 	2e+09    	0.00000500
	 823	669512   	0.1119   	836890   	0.0001511	836890   	0.009553 	2e+09    	0.00000500
	 824	670325   	0.1137   	837907   	0.0001511	837907   	0.009553 	2e+09    	0.00000500
	 825	671138   	0.1113   	838923   	0.0001511	838923   	0.009552 	2e+09    	0.00000500
	 826	671951   	0.1160   	839939   	0.0001510	839939   	0.009551 	2e+09    	0.00000500
	 827	672764   	0.1135   	840955   	0.0001510	840955   	0.009551 	2e+09    	0.00000500
	 828	673577   	0.1108   	841972   	0.0001510	841972   	0.009550 	2e+09    	0.00000500
	 829	674390   	0.1113   	842988   	0.0001510	842988   	0.009549 	2e+09    	0.00000500
	 830	675203   	0.1111   	844004   	0.0001510	844004   	0.009549 	2e+09    	0.00000500
	 831	676016   	0.1120   	845020   	0.0001509	845020   	0.009548 	2e+09    	0.00000500
	 832	676829   	0.1111   	846037   	0.0001509	846037   	0.009547 	2e+09    	0.00000500
	 833	677642   	0.1086   	847053   	0.0001509	847053   	0.009547 	2e+09    	0.00000500
	 834	678455   	0.1142   	848069   	0.0001509	848069   	0.009546 	2e+09    	0.00000500
	 835	679268   	0.1103   	849085   	0.0001509	849085   	0.009545 	2e+09    	0.00000500
	 836	680081   	0.1154   	850102   	0.0001508	850102   	0.009545 	2e+09    	0.00000500
	 837	680894   	0.1119   	851118   	0.0001508	851118   	0.009544 	2e+09    	0.00000500
	 838	681707   	0.1113   	852134   	0.0001508	852134   	0.009544 	2e+09    	0.00000500
	 839	682520   	0.1144   	853150   	0.0001508	853150   	0.009543 	2e+09    	0.00000500
	 840	683333   	0.1123   	854167   	0.0001508	854167   	0.009542 	2e+09    	0.00000500
	 841	684146   	0.1108   	855183   	0.0001507	855183   	0.009542 	2e+09    	0.00000500
	 842	684959   	0.1122   	856199   	0.0001507	856199   	0.009541 	2e+09    	0.00000500
	 843	685772   	0.1092   	857215   	0.0001507	857215   	0.009541 	2e+09    	0.00000500
	 844	686585   	0.1109   	858232   	0.0001507	858232   	0.009540 	2e+09    	0.00000500
	 845	687398   	0.1098   	859248   	0.0001507	859248   	0.009539 	2e+09    	0.00000500
	 846	688211   	0.1141   	860264   	0.0001506	860264   	0.009539 	2e+09    	0.00000500
	 847	689024   	0.1104   	861280   	0.0001506	861280   	0.009538 	2e+09    	0.00000500
	 848	689837   	0.1146   	862297   	0.0001506	862297   	0.009537 	2e+09    	0.00000500
	 849	690650   	0.1109   	863313   	0.0001506	863313   	0.009537 	2e+09    	0.00000500
	 850	691463   	0.1117   	864329   	0.0001506	864329   	0.009536 	2e+09    	0.00000500
	 851	692276   	0.1123   	865346   	0.0001505	865346   	0.009536 	2e+09    	0.00000500
	 852	693089   	0.1141   	866362   	0.0001505	866362   	0.009535 	2e+09    	0.00000500
	 853	693902   	0.1135   	867378   	0.0001505	867378   	0.009534 	2e+09    	0.00000500
	 854	694715   	0.1134   	868394   	0.0001505	868394   	0.009534 	2e+09    	0.00000500
	 855	695528   	0.1124   	869411   	0.0001505	869411   	0.009533 	2e+09    	0.00000500
	 856	696341   	0.1152   	870427   	0.0001504	870427   	0.009533 	2e+09    	0.00000500
	 857	697154   	0.1183   	871443   	0.0001504	871443   	0.009532 	2e+09    	0.00000500
	 858	697967   	0.1133   	872459   	0.0001504	872459   	0.009531 	2e+09    	0.00000500
	 859	698780   	0.1131   	873476   	0.0001504	873476   	0.009531 	2e+09    	0.00000500
	 860	699593   	0.1097   	874492   	0.0001504	874492   	0.009530 	2e+09    	0.00000500
	 861	700407   	0.1123   	875508   	0.0001503	875508   	0.009530 	2e+09    	0.00000500
	 862	701220   	0.1138   	876524   	0.0001503	876524   	0.009529 	2e+09    	0.00000500
	 863	702033   	0.1110   	877541   	0.0001503	877541   	0.009529 	2e+09    	0.00000500
	 864	702846   	0.1122   	878557   	0.0001503	878557   	0.009528 	2e+09    	0.00000500
	 865	703659   	0.1114   	879573   	0.0001503	879573   	0.009527 	2e+09    	0.00000500
	 866	704472   	0.1104   	880589   	0.0001502	880589   	0.009527 	2e+09    	0.00000500
	 867	705285   	0.1110   	881606   	0.0001502	881606   	0.009526 	2e+09    	0.00000500
	 868	706098   	0.1108   	882622   	0.0001502	882622   	0.009526 	2e+09    	0.00000500
	 869	706911   	0.1110   	883638   	0.0001502	883638   	0.009525 	2e+09    	0.00000500
	 870	707724   	0.1118   	884654   	0.0001502	884654   	0.009524 	2e+09    	0.00000500
	 871	708537   	0.1113   	885671   	0.0001501	885671   	0.009524 	2e+09    	0.00000500
	 872	709350   	0.1130   	886687   	0.0001501	886687   	0.009523 	2e+09    	0.00000500
	 873	710163   	0.1164   	887703   	0.0001501	887703   	0.009523 	2e+09    	0.00000500
	 874	710976   	0.1108   	888720   	0.0001501	888720   	0.009522 	2e+09    	0.00000500
	 875	711789   	0.1129   	889736   	0.0001501	889736   	0.009522 	2e+09    	0.00000500
	 876	712602   	0.1136   	890752   	0.0001500	890752   	0.009521 	2e+09    	0.00000500
	 877	713415   	0.1117   	891768   	0.0001500	891768   	0.009521 	2e+09    	0.00000500
	 878	714228   	0.1139   	892785   	0.0001500	892785   	0.009520 	2e+09    	0.00000500
	 879	715041   	0.1151   	893801   	0.0001500	893801   	0.009519 	2e+09    	0.00000500
	 880	715854   	0.1123   	894817   	0.0001500	894817   	0.009519 	2e+09    	0.00000500
	 881	716667   	0.1138   	895833   	0.0001500	895833   	0.009518 	2e+09    	0.00000500
	 882	717480   	0.1137   	896850   	0.0001499	896850   	0.009518 	2e+09    	0.00000500
	 883	718293   	0.1130   	897866   	0.0001499	897866   	0.009517 	2e+09    	0.00000500
	 884	719106   	0.1103   	898882   	0.0001499	898882   	0.009517 	2e+09    	0.00000500
	 885	719919   	0.1118   	899898   	0.0001499	899898   	0.009516 	2e+09    	0.00000500
	 886	720732   	0.1159   	900915   	0.0001499	900915   	0.009516 	2e+09    	0.00000500
	 887	721545   	0.1111   	901931   	0.0001498	901931   	0.009515 	2e+09    	0.00000500
	 888	722358   	0.1111   	902947   	0.0001498	902947   	0.009514 	2e+09    	0.00000500
	 889	723171   	0.1133   	903963   	0.0001498	903963   	0.009514 	2e+09    	0.00000500
	 890	723984   	0.1110   	904980   	0.0001498	904980   	0.009513 	2e+09    	0.00000500
	 891	724797   	0.1122   	905996   	0.0001498	905996   	0.009513 	2e+09    	0.00000500
	 892	725610   	0.1129   	907012   	0.0001498	907012   	0.009512 	2e+09    	0.00000500
	 893	726423   	0.1117   	908028   	0.0001497	908028   	0.009512 	2e+09    	0.00000500
	 894	727236   	0.1129   	909045   	0.0001497	909045   	0.009511 	2e+09    	0.00000500
	 895	728049   	0.1144   	910061   	0.0001497	910061   	0.009511 	2e+09    	0.00000500
	 896	728862   	0.1132   	911077   	0.0001497	911077   	0.009510 	2e+09    	0.00000500
	 897	729675   	0.1146   	912093   	0.0001497	912093   	0.009510 	2e+09    	0.00000500
	 898	730488   	0.1094   	913110   	0.0001496	913110   	0.009509 	2e+09    	0.00000500
	 899	731301   	0.1114   	914126   	0.0001496	914126   	0.009509 	2e+09    	0.00000500
	 900	732114   	0.1131   	915142   	0.0001496	915142   	0.009508 	2e+09    	0.00000500
	 901	732927   	0.1135   	916159   	0.0001496	916159   	0.009507 	2e+09    	0.00000500
	 902	733740   	0.1121   	917175   	0.0001496	917175   	0.009507 	2e+09    	0.00000500
	 903	734553   	0.1078   	918191   	0.0001496	918191   	0.009506 	2e+09    	0.00000500
	 904	735366   	0.1128   	919207   	0.0001495	919207   	0.009506 	2e+09    	0.00000500
	 905	736179   	0.1099   	920224   	0.0001495	920224   	0.009505 	2e+09    	0.00000500
	 906	736992   	0.1115   	921240   	0.0001495	921240   	0.009505 	2e+09    	0.00000500
	 907	737805   	0.1132   	922256   	0.0001495	922256   	0.009504 	2e+09    	0.00000500
	 908	738618   	0.1096   	923272   	0.0001495	923272   	0.009504 	2e+09    	0.00000500
	 909	739431   	0.1143   	924289   	0.0001495	924289   	0.009503 	2e+09    	0.00000500
	 910	740244   	0.1131   	925305   	0.0001494	925305   	0.009503 	2e+09    	0.00000500
	 911	741057   	0.1134   	926321   	0.0001494	926321   	0.009502 	2e+09    	0.00000500
	 912	741870   	0.1114   	927337   	0.0001494	927337   	0.009502 	2e+09    	0.00000500
	 913	742683   	0.1119   	928354   	0.0001494	928354   	0.009501 	2e+09    	0.00000500
	 914	743496   	0.1134   	929370   	0.0001494	929370   	0.009501 	2e+09    	0.00000500
	 915	744309   	0.1150   	930386   	0.0001494	930386   	0.009500 	2e+09    	0.00000500
	 916	745122   	0.1087   	931402   	0.0001493	931402   	0.009500 	2e+09    	0.00000500
	 917	745935   	0.1143   	932419   	0.0001493	932419   	0.009499 	2e+09    	0.00000500
	 918	746748   	0.1125   	933435   	0.0001493	933435   	0.009499 	2e+09    	0.00000500
	 919	747561   	0.1095   	934451   	0.0001493	934451   	0.009498 	2e+09    	0.00000500
	 920	748374   	0.1153   	935467   	0.0001493	935467   	0.009498 	2e+09    	0.00000500
	 921	749187   	0.1138   	936484   	0.0001492	936484   	0.009497 	2e+09    	0.00000500
	 922	750000   	0.1124   	937500   	0.0001492	937500   	0.009497 	2e+09    	0.00000500
	 923	750813   	0.1122   	938516   	0.0001492	938516   	0.009496 	2e+09    	0.00000500
	 924	751626   	0.1150   	939533   	0.0001492	939533   	0.009496 	2e+09    	0.00000500
	 925	752439   	0.1135   	940549   	0.0001492	940549   	0.009495 	2e+09    	0.00000500
	 926	753252   	0.1115   	941565   	0.0001492	941565   	0.009495 	2e+09    	0.00000500
	 927	754065   	0.1132   	942581   	0.0001491	942581   	0.009494 	2e+09    	0.00000500
	 928	754878   	0.1086   	943598   	0.0001491	943598   	0.009494 	2e+09    	0.00000500
	 929	755691   	0.1138   	944614   	0.0001491	944614   	0.009493 	2e+09    	0.00000500
	 930	756504   	0.1129   	945630   	0.0001491	945630   	0.009493 	2e+09    	0.00000500
	 931	757317   	0.1111   	946646   	0.0001491	946646   	0.009492 	2e+09    	0.00000500
	 932	758130   	0.1120   	947663   	0.0001491	947663   	0.009492 	2e+09    	0.00000500
	 933	758943   	0.1103   	948679   	0.0001490	948679   	0.009491 	2e+09    	0.00000500
	 934	759756   	0.1105   	949695   	0.0001490	949695   	0.009491 	2e+09    	0.00000500
	 935	760569   	0.1130   	950711   	0.0001490	950711   	0.009490 	2e+09    	0.00000500
	 936	761382   	0.1076   	951728   	0.0001490	951728   	0.009490 	2e+09    	0.00000500
	 937	762195   	0.1148   	952744   	0.0001490	952744   	0.009489 	2e+09    	0.00000500
	 938	763008   	0.1142   	953760   	0.0001490	953760   	0.009489 	2e+09    	0.00000500
	 939	763821   	0.1155   	954776   	0.0001490	954776   	0.009488 	2e+09    	0.00000500
	 940	764634   	0.1163   	955793   	0.0001489	955793   	0.009488 	2e+09    	0.00000500
	 941	765447   	0.1139   	956809   	0.0001489	956809   	0.009488 	2e+09    	0.00000500
	 942	766260   	0.1155   	957825   	0.0001489	957825   	0.009487 	2e+09    	0.00000500
	 943	767073   	0.1097   	958841   	0.0001489	958841   	0.009487 	2e+09    	0.00000500
	 944	767886   	0.1153   	959858   	0.0001489	959858   	0.009486 	2e+09    	0.00000500
	 945	768699   	0.1134   	960874   	0.0001489	960874   	0.009486 	2e+09    	0.00000500
	 946	769512   	0.1141   	961890   	0.0001488	961890   	0.009485 	2e+09    	0.00000500
	 947	770325   	0.1118   	962907   	0.0001488	962907   	0.009485 	2e+09    	0.00000500
	 948	771138   	0.1114   	963923   	0.0001488	963923   	0.009484 	2e+09    	0.00000500
	 949	771951   	0.1122   	964939   	0.0001488	964939   	0.009484 	2e+09    	0.00000500
	 950	772764   	0.1128   	965955   	0.0001488	965955   	0.009483 	2e+09    	0.00000500
	 951	773577   	0.1103   	966972   	0.0001488	966972   	0.009483 	2e+09    	0.00000500
	 952	774390   	0.1128   	967988   	0.0001487	967988   	0.009482 	2e+09    	0.00000500
	 953	775203   	0.1075   	969004   	0.0001487	969004   	0.009482 	2e+09    	0.00000500
	 954	776016   	0.1120   	970020   	0.0001487	970020   	0.009481 	2e+09    	0.00000500
	 955	776829   	0.1100   	971037   	0.0001487	971037   	0.009481 	2e+09    	0.00000500
	 956	777642   	0.1128   	972053   	0.0001487	972053   	0.009481 	2e+09    	0.00000500
	 957	778455   	0.1158   	973069   	0.0001487	973069   	0.009480 	2e+09    	0.00000500
	 958	779268   	0.1110   	974085   	0.0001486	974085   	0.009480 	2e+09    	0.00000500
	 959	780081   	0.1130   	975102   	0.0001486	975102   	0.009479 	2e+09    	0.00000500
	 960	780894   	0.1122   	976118   	0.0001486	976118   	0.009479 	2e+09    	0.00000500
	 961	781707   	0.1140   	977134   	0.0001486	977134   	0.009478 	2e+09    	0.00000500
	 962	782520   	0.1091   	978150   	0.0001486	978150   	0.009478 	2e+09    	0.00000500
	 963	783333   	0.1139   	979167   	0.0001486	979167   	0.009477 	2e+09    	0.00000500
	 964	784146   	0.1144   	980183   	0.0001486	980183   	0.009477 	2e+09    	0.00000500
	 965	784959   	0.1111   	981199   	0.0001485	981199   	0.009476 	2e+09    	0.00000500
	 966	785772   	0.1153   	982215   	0.0001485	982215   	0.009476 	2e+09    	0.00000500
	 967	786585   	0.1145   	983232   	0.0001485	983232   	0.009476 	2e+09    	0.00000500
	 968	787398   	0.1150   	984248   	0.0001485	984248   	0.009475 	2e+09    	0.00000500
	 969	788211   	0.1129   	985264   	0.0001485	985264   	0.009475 	2e+09    	0.00000500
	 970	789024   	0.1153   	986280   	0.0001485	986280   	0.009474 	2e+09    	0.00000500
	 971	789837   	0.1097   	987297   	0.0001484	987297   	0.009474 	2e+09    	0.00000500
	 972	790650   	0.1126   	988313   	0.0001484	988313   	0.009473 	2e+09    	0.00000500
	 973	791463   	0.1096   	989329   	0.0001484	989329   	0.009473 	2e+09    	0.00000500
	 974	792276   	0.1125   	990346   	0.0001484	990346   	0.009473 	2e+09    	0.00000500
	 975	793089   	0.1124   	991362   	0.0001484	991362   	0.009472 	2e+09    	0.00000500
	 976	793902   	0.1142   	992378   	0.0001484	992378   	0.009472 	2e+09    	0.00000500
	 977	794715   	0.1137   	993394   	0.0001484	993394   	0.009471 	2e+09    	0.00000500
	 978	795528   	0.1130   	994411   	0.0001483	994411   	0.009471 	2e+09    	0.00000500
	 979	796341   	0.1136   	995427   	0.0001483	995427   	0.009470 	2e+09    	0.00000500
	 980	797154   	0.1160   	996443   	0.0001483	996443   	0.009470 	2e+09    	0.00000500
	 981	797967   	0.1110   	997459   	0.0001483	997459   	0.009469 	2e+09    	0.00000500
	 982	798780   	0.1125   	998476   	0.0001483	998476   	0.009469 	2e+09    	0.00000500
	 983	799593   	0.1121   	999492   	0.0001483	999492   	0.009469 	2e+09    	0.00000500
	 984	800407   	0.1104   	1000508  	0.0001483	1000508  	0.009468 	2e+09    	0.00000500
	 985	801220   	0.1137   	1001524  	0.0001482	1001524  	0.009468 	2e+09    	0.00000500
	 986	802033   	0.1129   	1002541  	0.0001482	1002541  	0.009467 	2e+09    	0.00000500
	 987	802846   	0.1111   	1003557  	0.0001482	1003557  	0.009467 	2e+09    	0.00000500
	 988	803659   	0.1110   	1004573  	0.0001482	1004573  	0.009467 	2e+09    	0.00000500
	 989	804472   	0.1145   	1005589  	0.0001482	1005589  	0.009466 	2e+09    	0.00000500
	 990	805285   	0.1106   	1006606  	0.0001482	1006606  	0.009466 	2e+09    	0.00000500
	 991	806098   	0.1126   	1007622  	0.0001482	1007622  	0.009465 	2e+09    	0.00000500
	 992	806911   	0.1168   	1008638  	0.0001481	1008638  	0.009465 	2e+09    	0.00000500
	 993	807724   	0.1128   	1009654  	0.0001481	1009654  	0.009464 	2e+09    	0.00000500
	 994	808537   	0.1126   	1010671  	0.0001481	1010671  	0.009464 	2e+09    	0.00000500
	 995	809350   	0.1091   	1011687  	0.0001481	1011687  	0.009464 	2e+09    	0.00000500
	 996	810163   	0.1149   	1012703  	0.0001481	1012703  	0.009463 	2e+09    	0.00000500
	 997	810976   	0.1104   	1013720  	0.0001481	1013720  	0.009463 	2e+09    	0.00000500
	 998	811789   	0.1108   	1014736  	0.0001481	1014736  	0.009462 	2e+09    	0.00000500
	 999	812602   	0.1137   	1015752  	0.0001480	1015752  	0.009462 	2e+09    	0.00000500